0.999995 0.00173796 -0.00245167 0.816033 -0.00174029 0.999998 -0.000950701 0.370866 0.00245001 0.000954964 0.999997 0.181021
0.999993 -0.000321225 -0.00362372 1.67486 0.000319644 1 -0.000436829 0.415885 0.00362386 0.000435668 0.999993 0.205419
0.999986 -0.00237647 -0.00479619 2.53258 0.00237684 0.999997 7.14438e-05 0.460844 0.00479601 -8.28426e-05 0.999988 0.229789
0.999973 -0.00470896 -0.00568473 3.38735 0.00471168 0.999989 0.000464852 0.505059 0.00568247 -0.000491624 0.999984 0.25224
0.999953 -0.00704308 -0.00658974 4.24112 0.00704884 0.999975 0.000851474 0.549452 0.00658358 -0.000897884 0.999978 0.27442
0.999928 -0.00938361 -0.00751401 5.09588 0.00939313 0.999955 0.00123244 0.594134 0.0075021 -0.00130293 0.999971 0.296399
0.999896 -0.0117256 -0.00845469 5.9496 0.0117396 0.99993 0.00160654 0.639 0.00843526 -0.00170563 0.999963 0.318132
0.999859 -0.0143238 -0.00877413 6.77265 0.0143405 0.999895 0.00184991 0.665455 0.00874672 -0.00197548 0.99996 0.325867
0.999812 -0.0170691 -0.00922174 7.5946 0.017089 0.999852 0.0020825 0.692312 0.00918482 -0.0022397 0.999955 0.332842
0.999753 -0.0199662 -0.00980062 8.4174 0.0199897 0.999798 0.00230477 0.719806 0.00975262 -0.00250011 0.999949 0.339217
0.99968 -0.0230131 -0.0105103 9.24045 0.0230407 0.999731 0.00251572 0.748036 0.0104496 -0.00275708 0.999942 0.345088
0.999617 -0.0252639 -0.0113169 10.0931 0.0252979 0.999676 0.002875 0.784087 0.0112406 -0.0031602 0.999932 0.363892
0.999545 -0.0276213 -0.012147 10.947 0.0276624 0.999612 0.00322975 0.820383 0.0120531 -0.0035643 0.999921 0.382401
0.999463 -0.0300817 -0.0129989 11.8009 0.0301306 0.99954 0.00357887 0.856947 0.0128853 -0.00396861 0.999909 0.400604
0.999369 -0.0326535 -0.0139604 12.654 0.0327129 0.999457 0.004048 0.893881 0.0138206 -0.00450214 0.999894 0.418583
0.999313 -0.0344505 -0.0136896 13.5061 0.0344876 0.999402 0.00248801 0.936374 0.0135957 -0.00295842 0.999903 0.433882
0.999201 -0.0366087 -0.0160626 14.3657 0.0366873 0.999316 0.00462416 0.981155 0.0158823 -0.00520976 0.99986 0.451837
0.999094 -0.0382438 -0.0186632 15.2323 0.0383502 0.99925 0.00537682 1.02751 0.0184436 -0.00608769 0.999811 0.469588
0.998975 -0.0402423 -0.0207336 16.1094 0.0404342 0.999142 0.00891837 1.07994 0.0203569 -0.00974757 0.999745 0.488768
0.998932 -0.0414606 -0.0203767 16.9994 0.0416739 0.99908 0.0101562 1.13299 0.0199368 -0.0109945 0.999741 0.513918
0.998903 -0.0429851 -0.0185908 17.8991 0.0431761 0.999017 0.00999817 1.18683 0.0181427 -0.0107899 0.999777 0.54024
0.998867 -0.044443 -0.0170212 18.8036 0.0446223 0.998951 0.0103028 1.23771 0.0165454 -0.0110506 0.999802 0.565303
0.998826 -0.0455874 -0.0163883 19.7146 0.0457536 0.998904 0.00991501 1.29262 0.0159184 -0.0106532 0.999817 0.588549
0.998741 -0.0471906 -0.0170121 20.6245 0.0473665 0.998827 0.0100916 1.34235 0.0165159 -0.0108847 0.999804 0.610667
0.998676 -0.0481569 -0.0180901 21.5377 0.0483137 0.998797 0.00832996 1.39285 0.0176672 -0.00919293 0.999802 0.633142
0.998668 -0.0489064 -0.0164215 22.4614 0.0490438 0.998764 0.00807311 1.44274 0.0160063 -0.00886773 0.999833 0.655457
0.998722 -0.0489776 -0.0124765 23.3924 0.0491009 0.998746 0.00977625 1.497 0.011982 -0.0103764 0.999874 0.680397
0.998806 -0.0480611 -0.00872228 24.3234 0.0481519 0.998785 0.0105283 1.54555 0.00820568 -0.0109357 0.999907 0.703643
0.998896 -0.0465991 -0.0060051 25.2613 0.046655 0.998865 0.00954685 1.591 0.00555341 -0.00981647 0.999936 0.721857
0.998967 -0.0451942 -0.00471614 26.2022 0.0452366 0.998933 0.00930034 1.63646 0.00429079 -0.00950408 0.999946 0.736295
0.999001 -0.0440963 -0.00721192 27.1454 0.0441638 0.998979 0.00948165 1.68143 0.00678645 -0.00979069 0.999929 0.749425
0.998993 -0.0430905 -0.0124975 28.0884 0.043221 0.999012 0.0103674 1.73349 0.0120384 -0.0108971 0.999868 0.761832
0.998997 -0.0418367 -0.0159692 29.0384 0.0419924 0.999072 0.00954282 1.7831 0.0155551 -0.0102038 0.999827 0.776054
0.999044 -0.0411788 -0.014669 29.9986 0.0412851 0.999123 0.00701792 1.83076 0.0143672 -0.00761683 0.999868 0.793401
0.999105 -0.0411894 -0.00964507 30.9676 0.0412452 0.999133 0.00565758 1.87113 0.00940367 -0.00605033 0.999937 0.812335
0.999102 -0.0420131 -0.00540487 31.9404 0.0420284 0.999113 0.00274483 1.91131 0.00528476 -0.00296952 0.999982 0.830587
0.999059 -0.0430252 -0.00540488 32.9132 0.0430004 0.999064 -0.00461222 1.94326 0.00559826 0.00437547 0.999975 0.844089
0.998971 -0.0444096 -0.00922144 33.8903 0.0443396 0.998987 -0.0076643 1.98917 0.00955247 0.00724754 0.999928 0.85699
0.99886 -0.0457507 -0.0136541 34.8722 0.0456606 0.998934 -0.00684242 2.04304 0.0139526 0.00621116 0.999883 0.87455
0.99876 -0.0474916 -0.0149468 35.8813 0.0474025 0.998856 -0.00625514 2.10083 0.0152268 0.00553886 0.999869 0.90639
0.998756 -0.0482201 -0.0126872 36.9144 0.0481446 0.998821 -0.00619009 2.15405 0.0129707 0.00557157 0.9999 0.956757
0.998752 -0.049013 -0.00962612 37.932 0.0489888 0.998796 -0.00273268 2.21055 0.00974846 0.0022577 0.99995 0.998118
0.998703 -0.0501922 -0.008586 38.9515 0.0501736 0.998738 -0.00236514 2.26507 0.00869388 0.00193128 0.99996 1.03857
0.998669 -0.0511972 -0.00628506 39.9601 0.0511897 0.998688 -0.0013542 2.31785 0.00634615 0.00103066 0.999979 1.06835
0.99869 -0.051108 -0.00233799 40.9991 0.0511042 0.998692 -0.00165191 2.37435 0.00241936 0.00153027 0.999996 1.0968
0.99867 -0.0515511 -0.000883869 42.0254 0.0515545 0.99866 0.00440923 2.43966 0.000655384 -0.00444893 0.99999 1.11454
0.998672 -0.0515131 -0.000607527 43.0511 0.0515155 0.99866 0.00497998 2.50073 0.000350179 -0.00500466 0.999987 1.132
0.998666 -0.0515869 -0.00239917 44.0494 0.0515972 0.998658 0.00443384 2.5624 0.00216722 -0.00455172 0.999987 1.14791
0.998668 -0.0513188 -0.00536217 45.0426 0.0513531 0.99866 0.00647201 2.6294 0.00502285 -0.00673875 0.999965 1.16823
0.998615 -0.0523247 -0.00550849 46.032 0.0523576 0.99861 0.0060246 2.68931 0.0051856 -0.00630466 0.999967 1.19308
0.998555 -0.0535928 -0.00390781 47.0311 0.0536082 0.998554 0.00395511 2.74988 0.00369019 -0.00415889 0.999985 1.21838
0.998513 -0.0544413 -0.00292804 48.0257 0.0544529 0.998508 0.00403272 2.81577 0.00270413 -0.00418616 0.999988 1.24584
0.99849 -0.0546859 -0.00525174 49.0113 0.0547204 0.998479 0.006682 2.8868 0.00487835 -0.00695929 0.999964 1.27116
0.998408 -0.0553875 -0.0106949 49.9882 0.0554637 0.998436 0.00696379 2.95622 0.0102925 -0.00754588 0.999919 1.29403
0.998381 -0.0557101 -0.0115129 50.9711 0.055798 0.998414 0.0074593 3.01628 0.0110791 -0.00808961 0.999906 1.31299
0.998397 -0.0559883 -0.00823784 51.9534 0.0560477 0.998402 0.00717104 3.07407 0.00782319 -0.00762126 0.99994 1.33946
0.998399 -0.0563469 -0.00500494 52.9314 0.0563698 0.9984 0.00456019 3.13058 0.00473998 -0.00483502 0.999977 1.36048
0.998392 -0.0565347 -0.00412422 53.9032 0.0565479 0.998395 0.00317807 3.19152 0.00393793 -0.00340618 0.999986 1.38113
0.998382 -0.0566478 -0.00488095 54.868 0.0566482 0.998394 -5.31232e-05 3.24931 0.00487612 -0.00022346 0.999988 1.39869
0.998343 -0.0571657 -0.00651657 55.8334 0.0571427 0.998359 -0.00365059 3.30287 0.00671457 0.00327217 0.999972 1.41574
0.998277 -0.0584044 -0.00556682 56.7939 0.0583752 0.998281 -0.0052657 3.36114 0.00586479 0.00493166 0.999971 1.43298
0.998237 -0.0593524 -0.00106858 57.7546 0.059342 0.998206 -0.00796695 3.4146 0.00153952 0.00788949 0.999968 1.44443
0.998203 -0.0597534 0.0045891 58.7146 0.0597947 0.998166 -0.00945532 3.47508 -0.0040157 0.00971273 0.999945 1.45042
0.998159 -0.0603064 0.00647595 59.6644 0.0603563 0.998146 -0.00781131 3.54047 -0.00599287 0.00818779 0.999949 1.45618
0.998085 -0.0617336 0.00397086 60.6056 0.0617588 0.998069 -0.00657101 3.60644 -0.00355754 0.00680366 0.999971 1.46966
0.997993 -0.0631464 -0.00470827 61.5305 0.0631194 0.99799 -0.00566428 3.66699 0.00505648 0.00535573 0.999973 1.48286
0.997884 -0.0641691 -0.010528 62.4458 0.0641182 0.997929 -0.00510365 3.72652 0.0108337 0.00441781 0.999932 1.50129
0.997807 -0.0653991 -0.0101708 63.3568 0.0654007 0.997859 -0.000176721 3.79719 0.0101606 -0.000488842 0.999948 1.52316
0.99778 -0.0661651 -0.00755529 64.2567 0.0661915 0.997801 0.00330217 3.8619 0.00732019 -0.00379493 0.999966 1.54988
0.997703 -0.0674686 -0.00606137 65.1407 0.0675064 0.997699 0.00625195 3.92711 0.00562561 -0.00664677 0.999962 1.57578
0.997616 -0.0686573 -0.00701584 66.0108 0.0687033 0.997616 0.00653121 3.98916 0.0065507 -0.00699765 0.999954 1.59631
0.997507 -0.0702897 -0.0062931 66.867 0.0703402 0.997489 0.00820953 4.05392 0.00570025 -0.00863172 0.999946 1.61665
0.997411 -0.0716863 -0.0057289 67.7132 0.0717383 0.997379 0.00946091 4.11765 0.00503566 -0.0098474 0.999939 1.63621
0.997302 -0.0732509 -0.00470496 68.5453 0.0732915 0.997269 0.0091466 4.17892 0.00402211 -0.00946676 0.999947 1.65415
0.9972 -0.0746771 -0.0039646 69.3652 0.0747091 0.997168 0.00864742 4.23951 0.00330761 -0.00891939 0.999955 1.66952
0.997098 -0.0760976 -0.00194286 70.1729 0.0761143 0.99704 0.0108839 4.30354 0.00110887 -0.0110002 0.999939 1.68506
0.997002 -0.0773328 0.00255362 70.9701 0.0772946 0.996928 0.0126621 4.36841 -0.00352497 -0.0124268 0.999917 1.69855
0.996854 -0.0791592 0.003973 71.7484 0.0790904 0.996751 0.0152133 4.4324 -0.00516437 -0.0148512 0.999876 1.71957
0.996744 -0.0806341 0.000391264 72.503 0.0806135 0.996578 0.0182841 4.50222 -0.00186425 -0.018193 0.999833 1.7403
0.996628 -0.0817218 -0.00730051 73.2349 0.0818466 0.996467 0.0188403 4.56787 0.00573505 -0.0193743 0.999796 1.761
0.996451 -0.0831624 -0.0130176 73.9491 0.0833859 0.99636 0.0176901 4.63212 0.0114991 -0.0187128 0.999759 1.77808
0.996395 -0.0834434 -0.015273 74.6455 0.0837199 0.996318 0.0184596 4.69775 0.0136765 -0.0196717 0.999713 1.7997
0.996378 -0.0841672 -0.0121155 75.3209 0.0844072 0.996212 0.020883 4.76354 0.0103119 -0.02183 0.999709 1.82698
0.996307 -0.0854143 -0.00880509 75.9762 0.0855908 0.996085 0.0221233 4.82456 0.00688096 -0.0227953 0.999716 1.85941
0.996167 -0.086676 -0.0117522 76.606 0.0868882 0.996038 0.0189441 4.87791 0.0100637 -0.0198926 0.999751 1.88518
0.996105 -0.086706 -0.0160045 77.2167 0.0868881 0.996157 0.0110604 4.92278 0.014984 -0.0124079 0.999811 1.90874
0.996078 -0.0858674 -0.0213576 77.8096 0.0860228 0.996272 0.00646683 4.9704 0.0207227 -0.00827871 0.999751 1.93469
0.996325 -0.0827854 -0.0219966 78.3913 0.0829813 0.996518 0.00814831 5.02483 0.0212454 -0.00994367 0.999725 1.95925
0.996712 -0.0787212 -0.019188 78.9612 0.0789915 0.99678 0.0137604 5.0802 0.018043 -0.0152309 0.999721 1.98533
0.997119 -0.0741592 -0.015919 79.5167 0.0743646 0.99715 0.0127233 5.12274 0.01493 -0.0138705 0.999792 2.00797
0.997559 -0.0688717 -0.0115554 80.0602 0.0689693 0.997585 0.00827047 5.15014 0.0109579 -0.00904724 0.999899 2.03208
0.998112 -0.0610468 -0.00676378 80.5916 0.061075 0.998125 0.00403126 5.17585 0.006505 -0.00443675 0.999969 2.05664
0.998697 -0.0504708 -0.0075057 81.1035 0.0505227 0.998699 0.00689755 5.20406 0.00714781 -0.00726777 0.999948 2.07546
0.99934 -0.0354592 -0.00789059 81.6048 0.0355565 0.999289 0.0125595 5.2357 0.00743963 -0.0128318 0.99989 2.09296
0.999823 -0.0173921 -0.00714101 82.0905 0.0175177 0.999686 0.017921 5.25547 0.00682709 -0.0180429 0.999814 2.10737
0.999971 0.00441309 -0.00627915 82.5629 -0.00430739 0.99985 0.0167484 5.25015 0.00635213 -0.0167208 0.99984 2.11908
0.999537 0.0300079 -0.00493381 83.0204 -0.0299401 0.999463 0.0132899 5.2284 0.00532997 -0.013136 0.9999 2.13262
0.998242 0.0591955 -0.00296714 83.4717 -0.0591555 0.998175 0.0121267 5.19315 0.00367957 -0.0119298 0.999922 2.14549
0.99577 0.0918795 -0.000967996 83.9169 -0.0918615 0.9957 0.0119197 5.14487 0.00205901 -0.0117803 0.999928 2.1573
0.991723 0.128395 0.000368804 84.3472 -0.12839 0.991652 0.011947 5.07949 0.00116821 -0.0118954 0.999929 2.1673
0.985547 0.169402 0.000933329 84.7753 -0.169401 0.985471 0.0123011 4.99648 0.00116406 -0.0122814 0.999924 2.17496
0.976791 0.214189 0.00145664 85.1958 -0.214191 0.976716 0.0121407 4.88766 0.00117768 -0.0121709 0.999925 2.18694
0.965036 0.262116 0.000971018 85.5913 -0.262103 0.964934 0.0143068 4.76064 0.00281307 -0.0140611 0.999897 2.20184
0.949275 0.314445 -0.000734187 85.9817 -0.314398 0.949168 0.0152944 4.6092 0.00550612 -0.0142878 0.999883 2.21549
0.929404 0.369059 -0.00180216 86.3417 -0.36899 0.929305 0.015467 4.4372 0.00738299 -0.0137101 0.999879 2.22555
0.905073 0.425249 -0.002501 86.697 -0.425159 0.904975 0.0161295 4.24209 0.00912241 -0.0135351 0.999867 2.23242
0.876198 0.481937 -0.00372535 87.0329 -0.481822 0.876115 0.0164262 4.02701 0.0111803 -0.0125977 0.999858 2.23914
0.843004 0.537874 -0.0060124 87.3301 -0.537751 0.842976 0.0146994 3.79035 0.0129747 -0.00915848 0.999874 2.24726
0.806356 0.591395 -0.00643961 87.6634 -0.591274 0.806346 0.0141515 3.54848 0.0135617 -0.00760356 0.999879 2.26169
0.766598 0.642105 -0.00532718 87.9633 -0.642015 0.766593 0.0123078 3.29142 0.0119867 -0.00601498 0.99991 2.27496
0.723996 0.689801 -0.00191276 88.2632 -0.689741 0.723965 0.0115048 3.01343 0.00932081 -0.00701014 0.999932 2.28432
0.679029 0.734111 -0.00116598 88.5403 -0.734066 0.679004 0.0100525 2.72231 0.00817138 -0.00597005 0.999949 2.292
0.632282 0.77473 -0.00358592 88.7791 -0.774688 0.632286 0.00853526 2.41438 0.00887986 -0.00261872 0.999957 2.29816
0.585235 0.810819 -0.00848131 89.0091 -0.810811 0.585284 0.00524176 2.09546 0.0092141 0.00380908 0.99995 2.30612
0.538656 0.842494 -0.00731238 89.1616 -0.842474 0.538699 0.00644727 1.7555 0.00937096 0.00268763 0.999952 2.31378
0.491496 0.870875 -0.00300603 89.317 -0.870829 0.491502 0.00908172 1.40564 0.00938651 -0.0018459 0.999954 2.31911
0.446297 0.894882 -0.00212229 89.4522 -0.894824 0.446294 0.0105593 1.0456 0.0103965 -0.00281351 0.999942 2.32399
0.403833 0.914802 -0.00751626 89.5526 -0.914768 0.403888 0.00854332 0.678118 0.0108512 0.00342556 0.999935 2.32695
0.364859 0.930837 -0.0205136 89.6383 -0.93103 0.364942 0.000320938 0.297283 0.00778502 0.0189817 0.99979 2.32803
0.329867 0.943706 -0.0246203 89.7218 -0.944015 0.329884 -0.00350445 -0.0816766 0.00481468 0.024398 0.999691 2.33093
0.297099 0.954561 -0.0233714 89.807 -0.954824 0.297172 -0.000364297 -0.460432 0.00659758 0.0224238 0.999727 2.33648
0.266232 0.963819 -0.013164 89.9013 -0.963854 0.266338 0.00703043 -0.840001 0.0102821 0.0108165 0.999889 2.34936
0.237793 0.971284 -0.00789385 89.978 -0.971231 0.237871 0.0112793 -1.22911 0.0128331 0.00498463 0.999905 2.36517
0.212279 0.977168 -0.00897212 90.0343 -0.9771 0.212383 0.0129993 -1.63304 0.014608 0.0060072 0.999875 2.37659
0.18876 0.981905 -0.0152223 90.0865 -0.981889 0.188968 0.013609 -2.04274 0.0162393 0.0123778 0.999792 2.38409
0.168433 0.985405 -0.0246415 90.1274 -0.985434 0.168927 0.0195697 -2.46631 0.0234467 0.0209864 0.999505 2.37577
0.148601 0.988507 -0.0277604 90.1728 -0.988402 0.149357 0.0274581 -2.89504 0.0312888 0.0233581 0.999237 2.37004
0.130936 0.99108 -0.0248193 90.2239 -0.990887 0.131627 0.0285864 -3.34453 0.0315983 0.0208501 0.999283 2.37915
0.115606 0.993073 -0.0209904 90.2691 -0.992962 0.116089 0.0234476 -3.81284 0.0257219 0.018132 0.999505 2.39869
0.100945 0.994684 -0.0203382 90.301 -0.994658 0.101343 0.0196146 -4.28922 0.0215715 0.0182496 0.999601 2.41745
0.0874165 0.995924 -0.0221979 90.3239 -0.995989 0.0878062 0.0172317 -4.7785 0.0191106 0.0206025 0.999605 2.43284
0.0754931 0.99681 -0.0259137 90.33 -0.996982 0.0759268 0.0161825 -5.27351 0.0180984 0.0246138 0.999533 2.4426
0.0651052 0.997451 -0.0292165 90.3332 -0.997704 0.0656138 0.0167981 -5.78539 0.0186723 0.0280557 0.999432 2.45292
0.0566937 0.997897 -0.0314248 90.3351 -0.998207 0.0572602 0.0174274 -6.31284 0.0191901 0.0303805 0.999354 2.46403
0.0507607 0.998158 -0.0332258 90.3354 -0.998524 0.0513673 0.0176639 -6.85601 0.0193381 0.0322801 0.999292 2.47407
0.045067 0.998378 -0.0347792 90.3357 -0.998776 0.0457408 0.0188267 -7.41708 0.020387 0.0338882 0.999218 2.48183
0.0389544 0.99862 -0.0352145 90.3354 -0.999017 0.0396677 0.019788 -7.9983 0.0211576 0.034409 0.999184 2.48861
0.0344133 0.998698 -0.0376693 90.3352 -0.999185 0.0351765 0.0197891 -8.60718 0.0210884 0.0369576 0.999094 2.50037
0.0311339 0.998738 -0.0394182 90.3269 -0.999298 0.0319253 0.0196106 -9.23229 0.0208443 0.03878 0.99903 2.51127
0.0278938 0.998788 -0.0405437 90.3211 -0.999403 0.0286915 0.0192267 -9.87771 0.0203666 0.0399832 0.998993 2.52391
0.0249647 0.998801 -0.04211 90.3091 -0.999495 0.0257664 0.0186055 -10.5383 0.0196682 0.0416243 0.99894 2.53585
0.0239144 0.998615 -0.0468681 90.2952 -0.999525 0.0247947 0.0182924 -11.2178 0.0194292 0.0464084 0.998734 2.54767
0.0246185 0.998393 -0.0510407 90.3046 -0.999512 0.0255651 0.0179764 -11.8985 0.0192524 0.0505732 0.998535 2.55796
0.0268528 0.998226 -0.0531303 90.3221 -0.999454 0.0278347 0.0178294 -12.6003 0.0192766 0.0526225 0.998428 2.56964
0.0302817 0.997981 -0.055837 90.3436 -0.999345 0.0313356 0.018097 -13.3181 0.0198101 0.0552524 0.998276 2.5825
0.0341318 0.997796 -0.0569059 90.3673 -0.999219 0.0352048 0.0179602 -14.0517 0.019924 0.0562485 0.998218 2.59605
0.0383553 0.997555 -0.0584213 90.3873 -0.999096 0.039356 0.0160752 -14.8091 0.0183351 0.0577519 0.998163 2.61198
0.0426085 0.997381 -0.058445 90.4126 -0.998946 0.0435284 0.014558 -15.5791 0.0170639 0.0577631 0.998184 2.62844
0.0469968 0.997339 -0.0557389 90.4472 -0.998783 0.0477558 0.0123627 -16.3649 0.0149916 0.05509 0.998369 2.64321
0.0512205 0.997182 -0.0548082 90.4839 -0.998588 0.0519121 0.0112687 -17.1581 0.0140821 0.0541537 0.998433 2.65698
0.055458 0.997089 -0.0523203 90.5181 -0.998348 0.0561627 0.0120943 -17.9595 0.0149975 0.0515632 0.998557 2.67221
0.0589023 0.99699 -0.0504184 90.5563 -0.998093 0.0597504 0.0154814 -18.7625 0.0184473 0.0494104 0.998608 2.69048
0.0602178 0.997165 -0.0451146 90.6006 -0.997886 0.0612441 0.0217206 -19.5702 0.0244221 0.0437112 0.998746 2.70899
0.0600218 0.997289 -0.0425662 90.6401 -0.997823 0.0611124 0.024799 -20.3835 0.0273331 0.0409851 0.998786 2.7276
0.0603823 0.997372 -0.0400365 90.68 -0.997802 0.0614085 0.0249179 -21.2009 0.027311 0.0384439 0.998887 2.75507
0.0606807 0.997476 -0.0368795 90.7281 -0.997859 0.0615249 0.0222027 -22.02 0.0244157 0.0354533 0.999073 2.78771
0.0607866 0.997444 -0.03756 90.7709 -0.997867 0.0616241 0.0215576 -22.8379 0.0238171 0.0361695 0.999062 2.81742
0.0612158 0.99751 -0.0350332 90.8151 -0.997871 0.0619537 0.0203798 -23.6562 0.0224995 0.033711 0.999178 2.84805
0.0610342 0.997585 -0.0331608 90.8572 -0.997885 0.0617295 0.020365 -24.4723 0.0223628 0.0318477 0.999243 2.8816
0.0615103 0.997635 -0.0306772 90.9123 -0.99784 0.0621748 0.0211974 -25.2802 0.0230546 0.0293071 0.999305 2.91094
0.0604488 0.997786 -0.0277158 90.9671 -0.997881 0.0610778 0.0224362 -26.0867 0.0240794 0.0263009 0.999364 2.93968
0.0578681 0.998017 -0.0247688 91.0222 -0.998038 0.0584278 0.0225008 -26.8941 0.0239034 0.0234181 0.99944 2.96903
0.0539962 0.9983 -0.021952 91.0729 -0.998291 0.0544612 0.0211682 -27.7001 0.0223277 0.0207715 0.999535 2.99873
0.0492522 0.998591 -0.019775 91.1072 -0.998595 0.0496206 0.0185916 -28.5013 0.0195467 0.0188316 0.999632 3.02876
0.0431325 0.998915 -0.0175838 91.1345 -0.998926 0.0434173 0.0161489 -29.3021 0.0168948 0.0168684 0.999715 3.05705
0.0356863 0.999218 -0.0170417 91.1525 -0.999224 0.0359608 0.0160811 -30.0979 0.0166814 0.0164546 0.999725 3.08316
0.0268977 0.999502 -0.0164953 91.1637 -0.999485 0.0271788 0.0170587 -30.8885 0.0174985 0.016028 0.999718 3.10692
0.016838 0.999715 -0.0169092 91.1611 -0.999696 0.0171377 0.0177413 -31.6971 0.0180261 0.0166054 0.9997 3.12981
0.00663502 0.999818 -0.017862 91.1514 -0.999835 0.00693481 0.0167738 -32.502 0.0168946 0.0177478 0.9997 3.15397
-0.00408698 0.999853 -0.016675 91.1359 -0.999877 -0.00383376 0.0151893 -33.3014 0.0151231 0.0167351 0.999746 3.17824
-0.0152377 0.999724 -0.0178887 91.1082 -0.999783 -0.01498 0.0144547 -34.1002 0.0141827 0.0181051 0.999735 3.19786
-0.0263549 0.999488 -0.0181206 91.0719 -0.999555 -0.0260952 0.0144219 -34.8936 0.0139416 0.0184926 0.999732 3.21745
-0.0373905 0.999134 -0.0182711 91.0336 -0.999198 -0.0371185 0.0150046 -35.6761 0.0143134 0.0188175 0.99972 3.23854
-0.0481274 0.99868 -0.0179295 90.9874 -0.998725 -0.0478408 0.0160837 -36.4543 0.0152047 0.0186808 0.99971 3.25861
-0.0584923 0.998113 -0.0186768 90.9329 -0.99816 -0.0581753 0.0170895 -37.2251 0.0159707 0.019642 0.99968 3.278
-0.0681587 0.997484 -0.0195183 90.8709 -0.997539 -0.0678135 0.0178348 -37.9874 0.0164663 0.0206859 0.99965 3.29807
-0.077703 0.996778 -0.0198756 90.7955 -0.996839 -0.0773454 0.0181695 -38.7364 0.0165737 0.0212246 0.999637 3.31903
-0.0871388 0.995992 -0.0201812 90.7169 -0.996062 -0.0867764 0.0181879 -39.4777 0.0163638 0.0216866 0.999631 3.33835
-0.095692 0.995181 -0.0213973 90.629 -0.995286 -0.0953173 0.0178985 -40.2109 0.0157727 0.0230092 0.999611 3.3587
-0.10298 0.994419 -0.0229193 90.5364 -0.994583 -0.102615 0.0165627 -40.9359 0.0141184 0.0245008 0.9996 3.37882
-0.108254 0.99379 -0.0257542 90.4397 -0.994048 -0.107891 0.0151118 -41.6514 0.0122393 0.0272368 0.999554 3.4005
-0.111904 0.993298 -0.028926 90.3454 -0.993668 -0.111556 0.0133747 -42.3612 0.0100582 0.0302395 0.999492 3.42003
-0.114502 0.992947 -0.0307441 90.2533 -0.993386 -0.114176 0.0121555 -43.0593 0.00855952 0.0319326 0.999453 3.4381
-0.116099 0.992746 -0.0312608 90.1637 -0.993208 -0.115793 0.0114333 -43.7423 0.00773061 0.0323759 0.999446 3.45577
-0.11692 0.992637 -0.0316367 90.0759 -0.993111 -0.116608 0.0115486 -44.4122 0.00777444 0.032769 0.999433 3.47237
-0.116084 0.992707 -0.032531 89.9894 -0.9932 -0.115724 0.0127551 -45.064 0.0088975 0.0337904 0.999389 3.4885
-0.113273 0.992997 -0.0335516 89.8984 -0.993512 -0.112859 0.0140085 -45.6975 0.0101238 0.0349207 0.999339 3.50373
-0.108175 0.993565 -0.0335614 89.8167 -0.99407 -0.10773 0.0147926 -46.313 0.0110819 0.0349626 0.999327 3.51943
-0.100544 0.994388 -0.0329061 89.7445 -0.994861 -0.100085 0.0153035 -46.9101 0.0119242 0.0342757 0.999341 3.53571
-0.0893962 0.995481 -0.0320325 89.6824 -0.995916 -0.0889343 0.0155684 -47.4881 0.0126493 0.0332934 0.999366 3.5532
-0.075655 0.996627 -0.0317886 89.6307 -0.997046 -0.0751853 0.015721 -48.0463 0.0132779 0.0328841 0.999371 3.57114
-0.0589335 0.997787 -0.0307971 89.5929 -0.998147 -0.0584303 0.0169928 -48.5848 0.0151557 0.0317414 0.999381 3.58817
-0.0377483 0.998845 -0.0297303 89.5846 -0.999113 -0.0371698 0.0197753 -49.1174 0.0186474 0.0304505 0.999362 3.60808
-0.0132931 0.999511 -0.0283202 89.5905 -0.999656 -0.0126437 0.0229863 -49.6424 0.022617 0.028616 0.999335 3.62811
0.0148074 0.999522 -0.0271382 89.6048 -0.999569 0.0154848 0.0249237 -50.1632 0.025332 0.0267575 0.999321 3.64643
0.047971 0.998502 -0.0263084 89.6428 -0.998506 0.0486276 0.0249144 -50.6844 0.0261564 0.0250739 0.999343 3.66586
0.0858611 0.995964 -0.0261327 89.7007 -0.995994 0.086462 0.0228057 -51.2007 0.0249731 0.0240699 0.999398 3.68602
0.127609 0.99151 -0.0249897 89.7732 -0.991565 0.128112 0.0196483 -51.7074 0.0226829 0.0222716 0.999495 3.70792
0.17243 0.984762 -0.0226043 89.8807 -0.984839 0.172795 0.0153198 -52.208 0.0189923 0.01962 0.999627 3.72959
0.220202 0.975272 -0.018869 90.0035 -0.97532 0.220452 0.0123429 -52.7028 0.0161974 0.0156854 0.999746 3.75086
0.270713 0.962532 -0.0157164 90.1414 -0.962543 0.270898 0.0111691 -53.1735 0.0150082 0.012104 0.999814 3.77278
0.324621 0.945718 -0.0154603 90.3154 -0.945714 0.324804 0.0112976 -53.6335 0.0157059 0.0109536 0.999817 3.78923
0.38176 0.924055 -0.0195342 90.5123 -0.924073 0.382024 0.0121311 -54.078 0.0186723 0.0134199 0.999736 3.80643
0.440621 0.897389 -0.0233612 90.7143 -0.897367 0.441013 0.0154771 -54.4892 0.0241916 0.014144 0.999607 3.82301
0.499208 0.865999 -0.0289217 90.9567 -0.865925 0.499806 0.0191718 -54.8946 0.031058 0.0154733 0.999398 3.84122
0.556632 0.830226 -0.0297688 91.2079 -0.829968 0.557308 0.0236931 -55.2653 0.036261 0.0115188 0.999276 3.85636
0.611877 0.790369 -0.0303765 91.5087 -0.789936 0.612586 0.0271962 -55.6236 0.0401033 0.00735473 0.999168 3.87418
0.66449 0.746581 -0.0327209 91.8409 -0.746061 0.665272 0.0284039 -55.9595 0.0429741 0.00553768 0.999061 3.89657
0.713576 0.699731 -0.0344336 92.1708 -0.699231 0.71439 0.0268917 -56.2639 0.043416 0.00488773 0.999045 3.92155
0.759167 0.650119 -0.0317876 92.5461 -0.649707 0.759827 0.0233155 -56.5533 0.0393109 0.00295222 0.999223 3.94898
0.80127 0.597674 -0.027442 92.9416 -0.597385 0.801738 0.0186377 -56.8152 0.0331405 0.00145965 0.99945 3.97762
0.838654 0.544179 -0.0230029 93.336 -0.543947 0.838969 0.0158836 -57.0391 0.0279422 -0.000808523 0.999609 4.00391
0.870717 0.491464 -0.0177633 93.7651 -0.491305 0.870895 0.0127074 -57.2504 0.0217152 -0.00233737 0.999761 4.02656
0.897138 0.44158 -0.0122797 94.2071 -0.441436 0.897201 0.0128468 -57.4359 0.0166903 -0.00610459 0.999842 4.05062
0.918407 0.395532 -0.00906148 94.6468 -0.395389 0.918403 0.0142662 -57.5947 0.0139648 -0.00951934 0.999857 4.06947
0.934509 0.355912 -0.00441626 95.115 -0.35576 0.934359 0.0201929 -57.7351 0.0113133 -0.0172993 0.999786 4.08199
0.947127 0.320813 -0.00535166 95.5757 -0.320595 0.946895 0.0246631 -57.8609 0.0129797 -0.0216433 0.999681 4.08863
0.957009 0.289993 -0.00619631 96.0499 -0.289734 0.956729 0.0269169 -57.9854 0.0137339 -0.0239645 0.999618 4.09508
0.963535 0.267442 -0.00867892 96.5244 -0.267216 0.963405 0.0211185 -58.1139 0.0140093 -0.0180292 0.999739 4.10523
0.967823 0.251465 -0.009151 97.0047 -0.251275 0.967748 0.018018 -58.235 0.0133868 -0.0151388 0.999796 4.12037
0.970993 0.238944 -0.00889138 97.4992 -0.238706 0.970842 0.0220251 -58.3456 0.0138949 -0.0192638 0.999718 4.12947
0.973337 0.229253 -0.00757261 98.0057 -0.22897 0.973046 0.0274775 -58.4529 0.0136678 -0.025011 0.999594 4.13241
0.974699 0.223394 -0.0075227 98.5202 -0.223013 0.974201 0.0346088 -58.5579 0.01506 -0.0320555 0.999373 4.14295
0.975313 0.22059 -0.0102101 99.0443 -0.220006 0.974634 0.0410629 -58.667 0.0190092 -0.0378029 0.999104 4.15795
0.975459 0.219857 -0.0119706 99.5763 -0.219173 0.974751 0.042706 -58.7857 0.0210576 -0.0390343 0.999016 4.17788
0.974887 0.222181 -0.0151876 100.117 -0.221391 0.974284 0.0419206 -58.9128 0.024111 -0.0375055 0.999006 4.19599
0.973785 0.226328 -0.0227471 100.665 -0.225313 0.973458 0.0401765 -59.0471 0.0312364 -0.0339981 0.998934 4.20993
0.972678 0.230464 -0.0279988 101.225 -0.229274 0.972534 0.0401397 -59.1825 0.0364805 -0.0326236 0.998802 4.22565
0.971676 0.234893 -0.0258931 101.807 -0.233601 0.971291 0.0449838 -59.3158 0.0357162 -0.037661 0.998652 4.24856
0.970442 0.240418 -0.0209923 102.4 -0.239198 0.969756 0.0485463 -59.4519 0.0320288 -0.04209 0.9986 4.274
0.969368 0.245027 -0.0169675 103.003 -0.244058 0.96869 0.0455585 -59.6077 0.0275993 -0.0400219 0.998818 4.29997
0.968549 0.248532 -0.0120037 103.615 -0.247863 0.967925 0.0410475 -59.7715 0.0218203 -0.0367812 0.999085 4.3251
0.967739 0.251835 -0.00774583 104.239 -0.251369 0.967129 0.0384034 -59.9377 0.0171625 -0.0352174 0.999232 4.34821
0.966959 0.254813 -0.00785073 104.869 -0.254415 0.966496 0.0340275 -60.1081 0.0162583 -0.0309058 0.99939 4.3664
0.966785 0.25533 -0.0115817 105.506 -0.254888 0.966491 0.0304446 -60.2843 0.018967 -0.0264814 0.999469 4.38494
0.966773 0.254986 -0.018216 106.148 -0.254392 0.966644 0.029724 -60.4575 0.0251876 -0.0241023 0.999392 4.40423
0.966773 0.254313 -0.0259668 106.804 -0.253481 0.966827 0.0314984 -60.6279 0.0331159 -0.0238697 0.999166 4.42415
0.967232 0.252132 -0.029868 107.475 -0.251066 0.967326 0.035293 -60.7991 0.0377905 -0.0266377 0.998931 4.44557
0.968007 0.249582 -0.025922 108.166 -0.248673 0.967996 0.0338387 -60.9771 0.0335379 -0.02631 0.999091 4.47062
0.968614 0.247795 -0.0195941 108.871 -0.247181 0.968528 0.0292347 -61.1613 0.0262217 -0.0234739 0.999381 4.50124
0.969391 0.245204 -0.0125031 109.588 -0.244757 0.969133 0.0295732 -61.3412 0.0193686 -0.0256078 0.999484 4.53278
0.969851 0.243378 -0.0125109 110.31 -0.242867 0.969503 0.032858 -61.5154 0.0201263 -0.0288289 0.999382 4.55798
0.970235 0.241644 -0.0158874 111.038 -0.24089 0.96977 0.0389614 -61.6856 0.024822 -0.0339745 0.999114 4.58017
0.971032 0.237989 -0.0213989 111.777 -0.237022 0.970681 0.0399795 -61.8659 0.0302862 -0.0337494 0.998971 4.60179
0.971933 0.233934 -0.0249346 112.528 -0.232876 0.971716 0.0392093 -62.0474 0.0334017 -0.0323022 0.99892 4.62686
0.972867 0.23012 -0.0239729 113.295 -0.229157 0.972676 0.0372739 -62.2309 0.0318954 -0.030769 0.999017 4.65677
0.97373 0.226477 -0.0236334 114.071 -0.22566 0.97365 0.032908 -62.4169 0.0304636 -0.0267104 0.999179 4.68964
0.974226 0.224591 -0.0210435 114.86 -0.223886 0.97411 0.0313917 -62.6015 0.0275489 -0.0258713 0.999286 4.72273
0.974643 0.222948 -0.0190872 115.669 -0.222371 0.97455 0.0283514 -62.788 0.0249223 -0.0233881 0.999416 4.75165
0.974814 0.222206 -0.0190544 116.478 -0.221758 0.974828 0.0230843 -62.9787 0.0237043 -0.0182774 0.999552 4.77945
0.974998 0.221526 -0.0174793 117.297 -0.221094 0.974965 0.0236846 -63.1638 0.0222885 -0.0192278 0.999567 4.80955
0.974842 0.222134 -0.0184433 118.116 -0.221566 0.974726 0.0286034 -63.3419 0.0243309 -0.0237974 0.999421 4.8389
0.974647 0.222821 -0.0203507 118.94 -0.222042 0.974417 0.0347634 -63.5204 0.0275761 -0.0293634 0.999188 4.86771
0.974464 0.223634 -0.0201742 119.769 -0.222641 0.973973 0.0425214 -63.6999 0.0291584 -0.036944 0.998892 4.89584
0.973881 0.226366 -0.0177229 120.605 -0.225267 0.973034 0.049602 -63.879 0.0284732 -0.0443141 0.998612 4.92877
0.973197 0.229532 -0.0142247 121.446 -0.228511 0.972123 0.0525228 -64.0661 0.0258838 -0.0478646 0.998518 4.96418
0.972615 0.231962 -0.0146075 122.284 -0.230907 0.97153 0.0530202 -64.2625 0.0264903 -0.0481953 0.998487 4.99751
0.972075 0.233977 -0.0180326 123.124 -0.23276 0.971095 0.0528841 -64.4596 0.029885 -0.04721 0.998438 5.02579
0.97187 0.234777 -0.0186867 123.979 -0.233746 0.971229 0.0455642 -64.6669 0.0288465 -0.0399145 0.998787 5.04717
0.971783 0.234975 -0.02063 124.826 -0.234065 0.97144 0.0389562 -64.8768 0.0291946 -0.0330282 0.999028 5.07484
0.971429 0.236409 -0.0208837 125.672 -0.235528 0.971136 0.0376949 -65.0794 0.0291923 -0.0316992 0.999071 5.1052
0.971226 0.237451 -0.0183555 126.524 -0.23656 0.97075 0.0410267 -65.2757 0.0275605 -0.0355041 0.998989 5.13324
0.97111 0.238308 -0.0124628 127.376 -0.237602 0.970441 0.0423032 -65.4733 0.0221756 -0.0381198 0.999027 5.16067
0.970942 0.239246 -0.0057828 128.222 -0.238743 0.970006 0.0457141 -65.6728 0.0165463 -0.0430051 0.998938 5.19305
0.970574 0.240516 -0.0117464 129.042 -0.239767 0.969769 0.0453788 -65.8802 0.0223056 -0.0412271 0.998901 5.22989
0.970166 0.240945 -0.0269136 129.848 -0.239715 0.969927 0.0421792 -66.0973 0.0362671 -0.0344692 0.998748 5.26808
0.969897 0.240461 -0.0384401 130.656 -0.239024 0.970251 0.0384786 -66.3165 0.0465492 -0.0281322 0.99852 5.30778
0.970322 0.239506 -0.0333499 131.481 -0.238286 0.970499 0.0367743 -66.5299 0.0411737 -0.0277361 0.998767 5.3512
0.971176 0.238077 -0.0117211 132.324 -0.237634 0.970874 0.0305527 -66.7436 0.0186536 -0.0268867 0.999464 5.39674
0.971571 0.236653 0.00671185 133.16 -0.236748 0.971194 0.0270615 -66.9544 -0.000114327 -0.0278812 0.999611 5.44204
0.971728 0.236101 0.000429729 133.966 -0.236007 0.971288 0.0300005 -67.1586 0.00666576 -0.0292538 0.99955 5.46247
0.971867 0.235108 -0.0140735 134.76 -0.234442 0.971387 0.0379961 -67.3578 0.022604 -0.0336278 0.999179 5.4728
0.971926 0.234118 -0.0234267 135.557 -0.233109 0.97166 0.0391946 -67.5642 0.031939 -0.0326332 0.998957 5.48554
0.972352 0.232123 -0.0254946 136.359 -0.231183 0.972275 0.0351452 -67.7745 0.0329458 -0.0282796 0.999057 5.51719
0.973084 0.229391 -0.022085 137.168 -0.228558 0.972907 0.0348275 -67.9677 0.0294757 -0.0288423 0.999149 5.54717
0.973842 0.225961 -0.0239315 137.968 -0.22509 0.973731 0.0343986 -68.1561 0.0310756 -0.028112 0.999122 5.56562
0.974884 0.221157 -0.0262856 138.763 -0.220201 0.974828 0.0349608 -68.3429 0.0333558 -0.0282946 0.999043 5.57981
0.975636 0.218075 -0.0240236 139.576 -0.217037 0.975359 0.0396228 -68.5201 0.0320724 -0.0334434 0.998926 5.60573
0.976043 0.216154 -0.0248609 140.36 -0.214871 0.975553 0.0461175 -68.6889 0.0342216 -0.0396707 0.998627 5.62687
0.976519 0.214331 -0.0217453 141.16 -0.213118 0.975852 0.0478927 -68.8654 0.0314851 -0.0421339 0.998616 5.65553
0.976941 0.212815 -0.0172249 141.959 -0.211851 0.976225 0.0458596 -69.0463 0.026575 -0.041153 0.998799 5.68395
0.977224 0.211508 -0.0172579 142.752 -0.210574 0.976556 0.0446991 -69.2246 0.0263075 -0.040047 0.998851 5.71203
0.977703 0.208884 -0.021546 143.543 -0.207838 0.977225 0.0428295 -69.398 0.0300017 -0.0373965 0.99885 5.73835
0.978544 0.204453 -0.0255067 144.326 -0.203408 0.97834 0.0384194 -69.5728 0.0328091 -0.0324068 0.998936 5.76098
0.979833 0.197814 -0.02824 145.119 -0.196795 0.979812 0.0352186 -69.7371 0.0346366 -0.0289509 0.998981 5.78912
0.981274 0.191149 -0.0237502 145.92 -0.190296 0.981133 0.0341258 -69.89 0.0298252 -0.0289671 0.999135 5.82105
0.982638 0.184914 -0.0151781 146.724 -0.184361 0.982335 0.0320784 -70.0405 0.0208417 -0.0287232 0.99937 5.85412
0.983509 0.180716 -0.00716192 147.529 -0.180457 0.983194 0.0276578 -70.1811 0.0120398 -0.0259093 0.999592 5.87709
0.984265 0.176692 -0.00153894 148.33 -0.176532 0.983679 0.0348251 -70.3081 0.00766712 -0.0340054 0.999392 5.8974
0.985011 0.172367 -0.00662701 149.122 -0.171997 0.984362 0.0380585 -70.432 0.0130834 -0.0363482 0.999254 5.91512
0.986066 0.165469 -0.0171663 149.907 -0.164723 0.985595 0.038327 -70.5627 0.0232609 -0.0349652 0.999118 5.93042
0.986975 0.15897 -0.0246586 150.702 -0.158053 0.986792 0.0355094 -70.6912 0.0299778 -0.0311495 0.999065 5.94533
0.988036 0.15232 -0.0241603 151.508 -0.151461 0.987875 0.0340966 -70.8128 0.0290609 -0.0300293 0.999126 5.97038
0.989283 0.144716 -0.0193779 152.322 -0.143835 0.988752 0.0410049 -70.9188 0.025094 -0.0377782 0.998971 6.00264
0.990369 0.137079 -0.0194703 153.134 -0.136048 0.98959 0.0469261 -71.0167 0.0257002 -0.0438253 0.998709 6.0292
0.991542 0.127295 -0.0252935 153.939 -0.125937 0.990802 0.0495072 -71.1194 0.0313629 -0.0459031 0.998453 6.05235
0.992521 0.11875 -0.0282975 154.748 -0.11731 0.991932 0.0480607 -71.2184 0.0337764 -0.0443817 0.998443 6.07236
0.993486 0.11067 -0.0271654 155.565 -0.109286 0.99285 0.0480243 -71.3095 0.032286 -0.0447427 0.998477 6.09636
0.994505 0.102799 -0.019801 156.39 -0.101676 0.993499 0.0511952 -71.3812 0.0249351 -0.0489006 0.998492 6.11952
0.995411 0.0946929 -0.0138105 157.218 -0.0938146 0.994105 0.0543533 -71.4459 0.018876 -0.0528083 0.998426 6.14569
0.996149 0.0870709 -0.0103295 158.04 -0.0864021 0.994829 0.0533792 -71.5107 0.0149239 -0.0522812 0.998521 6.16895
0.996691 0.0807727 -0.00910235 158.861 -0.0801775 0.995354 0.0533123 -71.5727 0.0133662 -0.0524061 0.998536 6.18983
0.997026 0.076376 -0.0102516 159.683 -0.075736 0.995737 0.0526433 -71.6292 0.0142285 -0.0517103 0.998561 6.21146
0.997261 0.0720855 -0.0165533 160.501 -0.0710321 0.99583 0.0572378 -71.677 0.0206103 -0.0559052 0.998223 6.2341
0.997392 0.0688448 -0.0216857 161.318 -0.0673309 0.995666 0.0641489 -71.7134 0.026008 -0.0625214 0.997705 6.25322
0.997477 0.0662481 -0.0254946 162.134 -0.0644707 0.99579 0.0651551 -71.7518 0.0297036 -0.063347 0.997549 6.27059
0.997836 0.0629422 -0.0190131 162.968 -0.0615428 0.99586 0.0668987 -71.7933 0.0231452 -0.0655838 0.997579 6.28939
0.99812 0.0605607 -0.00943382 163.808 -0.0597689 0.995822 0.0690309 -71.8278 0.013575 -0.0683372 0.99757 6.30673
0.998377 0.0569448 -0.0012156 164.643 -0.0567211 0.995945 0.0698369 -71.8646 0.00518752 -0.0696546 0.997558 6.32524
0.998628 0.0521876 -0.00424547 165.466 -0.0517827 0.996373 0.0675198 -71.9021 0.00775377 -0.0672074 0.997709 6.33804
0.998796 0.0471723 -0.0134412 166.279 -0.046335 0.9973 0.0569638 -71.9488 0.016092 -0.0562724 0.998286 6.34889
0.998968 0.0402105 -0.0211205 167.096 -0.0390719 0.997893 0.051806 -71.9847 0.0231592 -0.0509273 0.998434 6.35393
0.999261 0.0333168 -0.0191454 167.924 -0.0322021 0.99792 0.0558429 -71.9989 0.0209661 -0.0551851 0.998256 6.36551
0.999564 0.0257813 -0.01439 168.758 -0.0249686 0.998226 0.0540525 -72.0141 0.015758 -0.0536696 0.998434 6.3817
0.999785 0.0182444 -0.00990064 169.594 -0.0177304 0.998606 0.0497256 -72.0327 0.010794 -0.0495393 0.998714 6.39624
0.999892 0.0123801 -0.00796219 170.435 -0.0120406 0.999072 0.0413602 -72.0484 0.00846684 -0.0412598 0.999113 6.40599
0.999955 0.00624968 -0.00706925 171.278 -0.00598549 0.999305 0.0367953 -72.0566 0.00729429 -0.0367513 0.999298 6.41941
0.999916 0.00010808 -0.0129787 172.114 0.00032483 0.999444 0.0333487 -72.0554 0.0129751 -0.0333501 0.99936 6.43225
0.999704 -0.00707544 -0.023295 172.942 0.00767536 0.999639 0.0257651 -72.0551 0.0231043 -0.0259362 0.999397 6.44184
0.999423 -0.014375 -0.0307581 173.774 0.0147927 0.999801 0.0133959 -72.0598 0.0305595 -0.0138432 0.999437 6.45731
0.999547 -0.020553 -0.0219957 174.626 0.0209174 0.999646 0.0164655 -72.0378 0.0216495 -0.0169181 0.999622 6.47621
0.99963 -0.025642 -0.0090572 175.486 0.0258762 0.999307 0.0267628 -71.997 0.00836467 -0.0269873 0.999601 6.49607
0.999534 -0.0305201 -0.000737077 176.342 0.0305278 0.998992 0.0328946 -71.9554 -0.000267612 -0.0329018 0.999459 6.51616
0.999405 -0.0343591 -0.00304018 177.185 0.0344398 0.998879 0.0324734 -71.9189 0.00192101 -0.0325588 0.999468 6.52588
0.999256 -0.0361112 -0.0135415 178.022 0.0365457 0.998776 0.0333451 -71.8783 0.0123208 -0.0338152 0.999352 6.53302
0.998972 -0.0385536 -0.0238398 178.859 0.0395747 0.998249 0.0439582 -71.8243 0.0221033 -0.0448565 0.998749 6.54498
0.998803 -0.0404136 -0.0275697 179.705 0.0416071 0.998157 0.0441842 -71.7799 0.0257332 -0.0452784 0.998643 6.56145
0.998783 -0.0434609 -0.0233075 180.563 0.0443144 0.998315 0.0374495 -71.7504 0.0216407 -0.0384368 0.999027 6.58488
0.998939 -0.0438348 -0.0141199 181.425 0.0443446 0.998291 0.0380731 -71.7078 0.0124268 -0.0386588 0.999175 6.60672
0.999024 -0.0435047 -0.00763394 182.288 0.0437774 0.998232 0.0401995 -71.659 0.00587158 -0.0404944 0.999163 6.63044
0.998929 -0.0452946 -0.00950007 183.143 0.0456304 0.998206 0.0387583 -71.6173 0.00772749 -0.0391503 0.999203 6.65223
0.998733 -0.0472702 -0.0172855 183.991 0.0478919 0.998148 0.0375216 -71.5738 0.0154798 -0.0383019 0.999146 6.67272
0.998368 -0.0495128 -0.0284488 184.835 0.0502901 0.998362 0.0272911 -71.5431 0.027051 -0.0286773 0.999223 6.69251
0.998108 -0.0520685 -0.0326978 185.683 0.0526079 0.998489 0.01586 -71.5148 0.0318226 -0.0175501 0.999339 6.71787
0.998183 -0.0531844 -0.0283177 186.543 0.0536954 0.998402 0.0175991 -71.4665 0.0273364 -0.0190876 0.999444 6.74705
0.998347 -0.0543455 -0.0186904 187.405 0.0547756 0.998226 0.0233235 -71.4092 0.0173898 -0.0243087 0.999553 6.78208
0.998338 -0.0560294 -0.0134834 188.254 0.056362 0.99808 0.0257 -71.3548 0.0120176 -0.0264173 0.999579 6.81105
0.998223 -0.0570452 -0.0171998 189.092 0.057439 0.998076 0.0233448 -71.3088 0.015835 -0.0242912 0.99958 6.83313
0.99809 -0.0570156 -0.0237915 189.927 0.0575788 0.99806 0.023699 -71.263 0.0223941 -0.0250236 0.999436 6.85323
0.998043 -0.0570906 -0.0255038 190.766 0.0578587 0.99786 0.0304704 -71.2017 0.0237096 -0.0318864 0.99921 6.87616
0.998117 -0.0574895 -0.0213702 191.607 0.05819 0.997735 0.0337442 -71.1455 0.0193818 -0.0349242 0.999202 6.90299
0.998125 -0.0583146 -0.0186047 192.444 0.0589786 0.997558 0.0373991 -71.0902 0.0163783 -0.0384263 0.999127 6.93038
0.998153 -0.0586281 -0.0159374 193.279 0.0592329 0.997419 0.0405748 -71.034 0.0135175 -0.0414438 0.999049 6.95174
0.998121 -0.0590882 -0.0162276 194.111 0.0597599 0.997216 0.0446048 -70.9731 0.0135468 -0.0454908 0.998873 6.97257
0.998047 -0.0596777 -0.0184642 194.934 0.0604203 0.99726 0.0426857 -70.9173 0.0158662 -0.0437179 0.998918 6.99382
0.997862 -0.0605112 -0.0247102 195.746 0.0615699 0.997106 0.0446023 -70.8586 0.0219398 -0.0460283 0.998699 7.01157
0.997768 -0.0617468 -0.0254403 196.559 0.0628621 0.996977 0.0456594 -70.7975 0.0225441 -0.0471567 0.998633 7.02742
0.997935 -0.0587267 -0.0260008 197.265 0.0598711 0.997161 0.0456707 -70.7549 0.0232449 -0.0471331 0.998618 7.04084
0.998094 -0.0557014 -0.0265616 197.972 0.0568748 0.997335 0.0456858 -70.7122 0.0239461 -0.0471094 0.998603 7.05425
0.998243 -0.0526774 -0.0271213 198.678 0.05388 0.997501 0.0457047 -70.6696 0.0246459 -0.0470857 0.998587 7.06763
0.998383 -0.0496524 -0.0276804 199.384 0.0508841 0.997657 0.0457273 -70.6269 0.0253451 -0.0470618 0.99857 7.08098
