1 -4.55342e-06 1.25198e-05 3.95313e-05 4.55352e-06 1 -7.97522e-06 -4.49838e-05 -1.25197e-05 7.97527e-06 1 0.00138031
0.999996 -0.00130789 0.00266556 1.52933 0.00131385 0.999997 -0.0022362 -0.00559145 -0.00266263 0.00223969 0.999994 0.0215707
0.99999 -0.00282633 0.00353525 3.05297 0.00283706 0.999991 -0.0030336 -0.00569532 -0.00352665 0.0030436 0.999989 0.0404836
0.999986 -0.00421332 0.0031285 4.56701 0.00422011 0.999989 -0.00216537 -0.00313918 -0.00311934 0.00217854 0.999993 0.0576957
0.999979 -0.00565784 0.00316478 6.08021 0.00566284 0.999983 -0.00157179 0.0069503 -0.00315584 0.00158968 0.999994 0.0691876
0.999969 -0.00694201 0.0036106 7.61621 0.00694812 0.999974 -0.00168218 0.0189371 -0.00359883 0.00170722 0.999992 0.0790443
0.999956 -0.00853168 0.00377975 9.10014 0.00853856 0.999962 -0.00180752 0.0323033 -0.00376419 0.00183972 0.999991 0.0900108
0.999943 -0.0102792 0.0029401 10.6004 0.0102898 0.999941 -0.003617 0.0453463 -0.00290275 0.00364705 0.999989 0.100465
0.999927 -0.0116196 0.00323907 12.0954 0.0116351 0.999921 -0.00480381 0.0626303 -0.00318299 0.00484114 0.999983 0.104569
0.999911 -0.0128904 0.00334599 13.5886 0.0129066 0.999905 -0.00484982 0.0828647 -0.00328316 0.00489257 0.999983 0.110734
0.999897 -0.0140617 0.00297049 15.0772 0.0140745 0.999892 -0.00433751 0.108956 -0.00290918 0.00437887 0.999986 0.119199
0.999888 -0.0145594 0.00358012 16.5618 0.0145692 0.99989 -0.00273532 0.139999 -0.0035399 0.00278717 0.99999 0.13323
0.999878 -0.0150257 0.00427276 18.0444 0.0150308 0.999886 -0.00116816 0.174901 -0.00425473 0.00123225 0.99999 0.146073
0.999865 -0.0156175 0.00506733 19.5181 0.0156185 0.999878 -0.000143337 0.20841 -0.00506447 0.000222462 0.999987 0.159384
0.999857 -0.0160551 0.00526953 20.9915 0.0160561 0.999871 -0.000145468 0.2417 -0.00526652 0.000230056 0.999986 0.166574
0.999848 -0.0165626 0.00535861 22.4535 0.0165611 0.999863 0.000315811 0.271364 -0.0053631 -0.000227019 0.999986 0.171014
0.999844 -0.0166134 0.00592152 23.9106 0.0166078 0.999862 0.000993834 0.301917 -0.00593721 -0.000895336 0.999982 0.174358
0.999837 -0.0166058 0.00705282 25.3631 0.0165926 0.99986 0.0019251 0.333454 -0.0070838 -0.00180777 0.999973 0.179569
0.999844 -0.0165397 0.00622145 26.8041 0.016526 0.999861 0.00225246 0.363798 -0.00625784 -0.00214929 0.999978 0.182737
0.999858 -0.0164461 0.00356641 28.2371 0.0164367 0.999861 0.00264355 0.394149 -0.00360939 -0.00258455 0.99999 0.192054
0.999864 -0.0161345 0.00352911 29.6627 0.0161309 0.999869 0.00104694 0.422189 -0.00354554 -0.000989865 0.999993 0.204351
0.999854 -0.0158779 0.00630361 31.0844 0.0158777 0.999874 9.01618e-05 0.44984 -0.00630425 9.93804e-06 0.99998 0.217436
0.999845 -0.0156957 0.00793254 32.4959 0.0157087 0.999875 -0.00157904 0.475394 -0.00790677 0.0017034 0.999967 0.226841
0.999855 -0.0154299 0.00716995 33.8905 0.0154486 0.999877 -0.0025646 0.501834 -0.0071295 0.00267499 0.999971 0.230608
0.999872 -0.0150097 0.00546955 35.2746 0.0150233 0.999884 -0.00246566 0.531813 -0.00543191 0.00254752 0.999982 0.237062
0.999887 -0.0143766 0.00431337 36.6423 0.0143839 0.999895 -0.00166841 0.564416 -0.00428893 0.00173027 0.999989 0.245295
0.999902 -0.0134796 0.00378899 37.9987 0.0134834 0.999909 -0.000970453 0.593507 -0.00377556 0.00102145 0.999992 0.256563
0.999914 -0.0123475 0.00447352 39.333 0.0123495 0.999924 -0.000409658 0.622198 -0.00446812 0.000464869 0.99999 0.26833
0.999919 -0.010768 0.00675813 40.6571 0.0107666 0.999942 0.000251743 0.647334 -0.00676045 -0.00017896 0.999977 0.280034
0.999927 -0.00910944 0.0079344 41.9604 0.00911243 0.999958 -0.000340935 0.669086 -0.00793097 0.000413211 0.999968 0.289823
0.999941 -0.0068326 0.0084372 43.2429 0.00683272 0.999977 1.49132e-05 0.687472 -0.0084371 4.27367e-05 0.999964 0.298298
0.999959 -0.00343771 0.00833705 44.5064 0.0034376 0.999994 2.65963e-05 0.702302 -0.00833709 2.06424e-06 0.999965 0.30585
0.999981 0.000277863 0.0062064 45.7476 -0.000272981 1 -0.00078739 0.710855 -0.00620662 0.000785681 0.99998 0.313536
0.999982 0.00377483 0.00460109 46.981 -0.0037699 0.999992 -0.00107848 0.71469 -0.00460513 0.00106111 0.999989 0.321831
0.999956 0.00782334 0.00522248 48.2014 -0.00782018 0.999969 -0.000626438 0.720641 -0.00522722 0.00058557 0.999986 0.325104
0.9999 0.0131138 0.00531061 49.4112 -0.013113 0.999914 -0.000173356 0.720018 -0.00531242 0.000103701 0.999986 0.330009
0.999797 0.0196921 0.0043321 50.6094 -0.019698 0.999805 0.00132009 0.715352 -0.00430526 -0.00140516 0.99999 0.332798
0.999624 0.0271124 0.00417318 51.7954 -0.0271247 0.999628 0.0029139 0.7037 -0.00409262 -0.003026 0.999987 0.336108
0.999354 0.0354952 0.00566567 52.9732 -0.035518 0.999361 0.0039746 0.678104 -0.00552098 -0.00417326 0.999976 0.338319
0.998937 0.0456635 0.00632315 54.1377 -0.0457032 0.998935 0.00627202 0.643775 -0.00603001 -0.00655434 0.99996 0.340217
0.99826 0.0585705 0.00676291 55.2863 -0.0586281 0.998242 0.00865266 0.598783 -0.00624423 -0.00903411 0.99994 0.338232
0.997284 0.0732524 0.00768489 56.4179 -0.0733332 0.997249 0.0108083 0.537013 -0.00687202 -0.0113425 0.999912 0.338978
0.995948 0.0894483 0.00930167 57.5375 -0.0895671 0.995893 0.0132562 0.460062 -0.00807772 -0.0140356 0.999869 0.338378
0.99419 0.107055 0.0111621 58.6475 -0.107203 0.994144 0.0136022 0.35895 -0.00964053 -0.0147198 0.999845 0.338262
0.991959 0.126087 0.010958 59.7399 -0.126229 0.991911 0.0133902 0.23782 -0.00918102 -0.0146657 0.99985 0.337743
0.98919 0.146303 0.00994124 60.8167 -0.146423 0.989141 0.0126416 0.0971337 -0.00798378 -0.0139606 0.999871 0.335659
0.985893 0.167116 0.00929638 61.879 -0.167208 0.985869 0.0101972 -0.0682207 -0.0074609 -0.0116078 0.999905 0.335722
0.981945 0.188851 0.0109101 62.9252 -0.188913 0.981981 0.00500675 -0.263296 -0.009768 -0.00697742 0.999928 0.337646
0.977253 0.211735 0.0120186 63.9548 -0.211746 0.977325 -0.000368694 -0.482475 -0.0118241 -0.00218458 0.999928 0.337629
0.971836 0.235421 0.0105712 64.965 -0.235375 0.97189 -0.00541474 -0.729207 -0.0115488 0.00277405 0.999929 0.331777
0.965504 0.260296 0.00693646 65.9528 -0.260206 0.965482 -0.0117199 -0.997912 -0.00974767 0.00951069 0.999907 0.324939
0.958162 0.286165 0.00590387 66.9244 -0.286047 0.958089 -0.0155675 -1.29216 -0.0101113 0.0132274 0.999861 0.314887
0.949673 0.313153 0.00746236 67.8797 -0.312981 0.949585 -0.0182112 -1.60298 -0.012789 0.0149591 0.999806 0.311272
0.940119 0.340724 0.00916181 68.8184 -0.34046 0.939993 -0.0223406 -1.94627 -0.016224 0.0178836 0.999708 0.304401
0.929426 0.368941 0.00706998 69.7328 -0.368656 0.929204 -0.0259203 -2.3122 -0.0161325 0.0214846 0.999639 0.296306
0.917495 0.397738 0.00293648 70.6224 -0.397546 0.917238 -0.0251542 -2.69492 -0.0126982 0.0219115 0.999679 0.286531
0.904513 0.426425 -0.00420429 71.4907 -0.426381 0.90416 -0.0263215 -3.10331 -0.0074228 0.0256008 0.999645 0.278164
0.890496 0.454898 -0.00918971 72.3424 -0.454967 0.890059 -0.0282885 -3.53838 -0.004689 0.0293718 0.999558 0.27278
0.874981 0.484103 -0.00727938 73.1797 -0.484093 0.874518 -0.0295299 -3.99833 -0.00792957 0.029362 0.999537 0.268737
0.857355 0.514725 -0.00088926 74.0049 -0.514535 0.85699 -0.0286785 -4.47986 -0.0139994 0.0250452 0.999588 0.266648
0.837845 0.545894 0.00397399 74.8005 -0.545577 0.837568 -0.0287393 -4.98619 -0.0190171 0.0219109 0.999579 0.26346
0.816734 0.577013 0.000866748 75.5681 -0.576841 0.816525 -0.0232789 -5.51213 -0.01414 0.0185127 0.999729 0.253983
0.794783 0.606881 -0.00379794 76.3093 -0.606853 0.794643 -0.016464 -6.06283 -0.00697368 0.0153901 0.999857 0.242581
0.772332 0.635194 -0.00559406 77.0223 -0.635203 0.772223 -0.013698 -6.63989 -0.00438102 0.0141328 0.999891 0.235348
0.749189 0.662343 -0.00413517 77.715 -0.662309 0.749048 -0.0165673 -7.2489 -0.00787577 0.0151508 0.999854 0.233497
0.72487 0.688881 -0.00258722 78.3798 -0.688817 0.72474 -0.0168087 -7.87429 -0.00970414 0.0139663 0.999855 0.23551
0.699584 0.714525 -0.00591755 79.0094 -0.714516 0.699446 -0.015555 -8.51471 -0.00697543 0.0151102 0.999862 0.233148
0.673422 0.739212 -0.00822551 79.618 -0.739246 0.673307 -0.0131426 -9.17754 -0.00417688 0.0149312 0.99988 0.228544
0.646449 0.762923 -0.00722219 80.2017 -0.762949 0.646369 -0.0107961 -9.85897 -0.00356838 0.0124893 0.999916 0.22686
0.618649 0.785626 -0.00809827 80.7632 -0.785663 0.618577 -0.00982964 -10.5665 -0.00271302 0.0124436 0.999919 0.228675
0.590021 0.807314 -0.0109506 81.2994 -0.807381 0.590018 -0.00382285 -11.2906 0.00337481 0.0110969 0.999933 0.231244
0.559982 0.828371 -0.0148759 81.8225 -0.828408 0.560101 0.00523444 -12.0284 0.0126681 0.0093921 0.999876 0.252454
0.529139 0.848335 -0.0184089 82.3351 -0.848269 0.529392 0.0135655 -12.7906 0.0212536 0.00843771 0.999739 0.285971
0.497525 0.867277 -0.017314 82.8275 -0.867099 0.497792 0.0184932 -13.5755 0.0246575 0.00581208 0.999679 0.329377
0.465292 0.885063 -0.0129124 83.2802 -0.884888 0.465461 0.017871 -14.3854 0.0218272 0.00311074 0.999757 0.367263
0.432566 0.901583 -0.00582505 83.7147 -0.901441 0.432602 0.0160838 -15.2153 0.0170208 -0.00170636 0.999854 0.409397
0.398492 0.917172 -0.000636399 84.1053 -0.917038 0.398445 0.0168054 -16.0581 0.015667 -0.00611319 0.999859 0.44129
0.36353 0.93156 0.00652592 84.4771 -0.931447 0.363349 0.0195797 -16.9213 0.0158684 -0.0131964 0.999787 0.472576
0.327935 0.944616 0.0126283 84.8111 -0.944561 0.327627 0.0215646 -17.8003 0.0162329 -0.019 0.999688 0.49742
0.291909 0.956294 0.0170385 85.1075 -0.956334 0.291556 0.0205097 -18.6996 0.0146457 -0.0222814 0.999644 0.522925
0.25577 0.966551 0.0189978 85.3682 -0.96663 0.2554 0.0199338 -19.6141 0.014415 -0.0234623 0.999621 0.554676
0.219937 0.975318 0.0195352 85.5961 -0.975412 0.21958 0.0188889 -20.5451 0.0141331 -0.0232092 0.999631 0.601123
0.184566 0.982643 0.0186791 85.7837 -0.98272 0.184243 0.0177548 -21.4868 0.0140052 -0.0216332 0.999668 0.644842
0.149842 0.988634 0.0122629 85.9324 -0.988615 0.149644 0.0157293 -22.4395 0.0137154 -0.0144802 0.999801 0.681811
0.116177 0.993188 0.00901282 86.0466 -0.993074 0.115994 0.0187079 -23.393 0.0175351 -0.0111238 0.999784 0.721292
0.0835464 0.996463 0.00901216 86.1379 -0.996228 0.0833073 0.0242628 -24.3517 0.0234262 -0.0110052 0.999665 0.753616
0.0539751 0.998538 0.00307318 86.1923 -0.998165 0.0538698 0.0276508 -25.3146 0.0274448 -0.00455999 0.999613 0.802944
0.0282264 0.999601 0.00114646 86.22 -0.999237 0.0281851 0.0270306 -26.2854 0.0269875 -0.00190856 0.999634 0.844464
0.00568454 0.999983 0.0010503 86.2321 -0.999721 0.00565897 0.0229216 -27.2672 0.0229153 -0.0011803 0.999737 0.890979
-0.0134184 0.999909 0.00131457 86.2222 -0.999718 -0.0134416 0.0195566 -28.2508 0.0195725 -0.00105178 0.999808 0.929638
-0.0300019 0.99955 -7.60483e-05 86.1959 -0.999301 -0.0299927 0.0223046 -29.23 0.0222923 0.000745175 0.999751 0.985957
-0.0449042 0.998989 -0.00206172 86.1505 -0.998605 -0.0448293 0.0279141 -30.2119 0.0277935 0.00331231 0.999608 1.03646
-0.0570432 0.998355 -0.00580462 86.0912 -0.997878 -0.0568312 0.0317754 -31.1981 0.0313932 0.00760488 0.999478 1.08647
-0.066486 0.997724 -0.0112159 86.0182 -0.997184 -0.0660506 0.0355266 -32.1881 0.034705 0.0135463 0.999306 1.1438
-0.0724907 0.997268 -0.014199 85.9384 -0.996591 -0.0718645 0.0405205 -33.1783 0.0393894 0.017088 0.999078 1.19726
-0.0763521 0.99696 -0.0155305 85.8587 -0.996086 -0.075571 0.0458427 -34.1693 0.0445297 0.0189699 0.998828 1.25699
-0.0793002 0.9967 -0.0173596 85.7738 -0.995698 -0.0783592 0.0494531 -35.1679 0.0479296 0.0212066 0.998626 1.31368
-0.0821022 0.996472 -0.017372 85.6891 -0.995298 -0.0810818 0.0529834 -36.1686 0.0513879 0.0216403 0.998444 1.37732
-0.084577 0.996256 -0.0179024 85.6015 -0.994962 -0.0834691 0.0555354 -37.1713 0.0538332 0.0225092 0.998296 1.43912
-0.0866475 0.996067 -0.018497 85.5104 -0.994559 -0.0854086 0.0596515 -38.175 0.0578372 0.023565 0.998048 1.50463
-0.0888886 0.995821 -0.0209372 85.4082 -0.994278 -0.0874615 0.0613272 -39.1843 0.0592397 0.0262687 0.997898 1.58218
-0.0908977 0.995635 -0.0211861 85.3061 -0.994155 -0.0894771 0.0604119 -40.2021 0.0582525 0.0265536 0.997949 1.66354
-0.0932702 0.99544 -0.0199853 85.2046 -0.994007 -0.0919491 0.0591177 -41.2212 0.0570105 0.0253795 0.998051 1.73972
-0.0953276 0.99524 -0.0202313 85.0995 -0.993726 -0.093949 0.0606816 -42.2402 0.058492 0.025889 0.997952 1.81045
-0.0977643 0.995034 -0.0186749 84.9943 -0.993373 -0.0964271 0.0625514 -43.2626 0.06044 0.0246664 0.997867 1.88277
-0.100342 0.99481 -0.0168785 84.8825 -0.992952 -0.0990505 0.0650767 -44.2917 0.0630671 0.0232894 0.997738 1.95867
-0.102809 0.9946 -0.0141669 84.7679 -0.992468 -0.101614 0.0684209 -45.3247 0.0666119 0.0210945 0.997556 2.03714
-0.10485 0.994436 -0.0102145 84.6539 -0.991928 -0.103838 0.0727747 -46.3598 0.0713091 0.0177624 0.997296 2.11578
-0.107227 0.994206 -0.00748516 84.5354 -0.991468 -0.106365 0.0753474 -47.4009 0.0741147 0.0155006 0.997129 2.19805
-0.109741 0.993944 -0.00563699 84.4155 -0.99129 -0.109029 0.0738678 -48.4458 0.0728059 0.0136942 0.997252 2.27911
-0.112497 0.993649 -0.00250088 84.2915 -0.991277 -0.112054 0.0693886 -49.502 0.0686677 0.0102851 0.997587 2.37145
-0.115037 0.993358 -0.00234567 84.1619 -0.991098 -0.114615 0.06773 -50.5565 0.0670113 0.0101163 0.997701 2.4561
-0.116921 0.993139 -0.00188225 84.0292 -0.99086 -0.116524 0.0679677 -51.6132 0.0672821 0.0098119 0.997686 2.53854
-0.118379 0.992964 -0.00285262 83.8934 -0.990505 -0.117882 0.0707389 -52.6696 0.0699049 0.0111995 0.997491 2.61736
-0.119072 0.992881 -0.00300118 83.7561 -0.990225 -0.118531 0.0735157 -53.7287 0.0726366 0.0117255 0.99729 2.69898
-0.119448 0.992838 -0.0019978 83.6185 -0.990085 -0.118966 0.074692 -54.7978 0.0739194 0.0108998 0.997205 2.78576
-0.119033 0.99289 0.00113118 83.4853 -0.990237 -0.118798 0.0729266 -55.8713 0.0725424 0.00756056 0.997337 2.87203
-0.118961 0.992887 0.00487211 83.3531 -0.990237 -0.118999 0.0725998 -56.9464 0.0726632 0.00381198 0.997349 2.96072
-0.118761 0.992885 0.00870221 83.2231 -0.990163 -0.119079 0.0734617 -58.0229 0.0739753 0.000107763 0.99726 3.04657
-0.118801 0.992835 0.0128252 83.0909 -0.990096 -0.119426 0.0737998 -59.1058 0.0748027 -0.00393076 0.997191 3.13651
-0.118996 0.99276 0.0163802 82.9585 -0.990108 -0.119881 0.0729046 -60.1965 0.0743404 -0.00754286 0.997204 3.22609
-0.119421 0.992716 0.0159168 82.8154 -0.990415 -0.120234 0.0679791 -61.3028 0.0693977 -0.00764615 0.99756 3.31444
-0.119989 0.992704 0.0119045 82.6727 -0.990926 -0.120489 0.0595607 -62.4064 0.0605605 -0.00464988 0.998154 3.38894
-0.120319 0.992715 0.00639354 82.5236 -0.991304 -0.120489 0.0529077 -63.5169 0.0532926 2.78514e-05 0.998579 3.45089
-0.120087 0.992761 -0.00215465 82.3692 -0.991241 -0.119782 0.0556181 -64.6186 0.0549574 0.00881478 0.99845 3.5049
-0.119332 0.992825 -0.00770006 82.2163 -0.991026 -0.118638 0.0615816 -65.7226 0.0602262 0.0149796 0.998072 3.55707
-0.118799 0.992863 -0.010475 82.0698 -0.990753 -0.117836 0.0672594 -66.8316 0.065545 0.0183685 0.997681 3.61855
-0.118229 0.992923 -0.0111787 81.9267 -0.990569 -0.117148 0.0710534 -67.9452 0.069241 0.0194738 0.99741 3.68788
-0.118021 0.992975 -0.0084881 81.7888 -0.990638 -0.117144 0.0700923 -69.0704 0.0686055 0.016681 0.997504 3.75967
-0.117545 0.993043 -0.0069598 81.6502 -0.991019 -0.116849 0.0650205 -70.2033 0.0637549 0.0145401 0.99786 3.83602
-0.117205 0.993091 -0.00575638 81.5128 -0.991236 -0.116626 0.0620514 -71.3402 0.0609514 0.0129786 0.998056 3.9046
-0.117001 0.993122 -0.00430478 81.3763 -0.991199 -0.116502 0.0628692 -72.4728 0.0619353 0.0116226 0.998012 3.97206
-0.116871 0.993139 -0.00403174 81.2361 -0.990925 -0.116337 0.0673237 -73.6093 0.0663927 0.0118633 0.997723 4.04066
-0.116254 0.993212 -0.00395946 81.0952 -0.990727 -0.115679 0.071266 -74.7483 0.0703242 0.0122077 0.997449 4.11406
-0.115875 0.993255 -0.00416115 80.9541 -0.990842 -0.1153 0.070274 -75.8992 0.0693202 0.0122661 0.997519 4.19131
-0.115325 0.993308 -0.00627724 80.8103 -0.991447 -0.114716 0.0622412 -77.0619 0.0611046 0.0134015 0.998041 4.26994
-0.115491 0.993289 -0.00616656 80.6692 -0.991479 -0.1149 0.0613789 -78.22 0.0602584 0.0132027 0.998095 4.34357
-0.115272 0.993327 -0.0036385 80.5321 -0.991292 -0.1148 0.0645021 -79.3776 0.063654 0.0110421 0.997911 4.41205
-0.11502 0.993359 -0.00276609 80.3927 -0.991106 -0.114571 0.0676894 -80.5387 0.066923 0.0105271 0.997703 4.48266
-0.114858 0.99338 -0.00196595 80.2527 -0.991152 -0.114467 0.0671892 -81.7137 0.0665194 0.00966575 0.997738 4.56117
-0.114321 0.993443 -0.00156412 80.1147 -0.991424 -0.113988 0.0639152 -82.8749 0.0633178 0.00885756 0.997954 4.64035
-0.113374 0.993549 -0.00263414 79.9742 -0.99162 -0.112988 0.0626371 -84.0381 0.0619354 0.00971348 0.998033 4.71717
-0.112022 0.993697 -0.00417293 79.8329 -0.991769 -0.111541 0.0628753 -85.2085 0.0620136 0.011182 0.998013 4.79048
-0.11104 0.993792 -0.00695256 79.689 -0.991868 -0.110382 0.0633465 -86.3834 0.0621858 0.01393 0.997967 4.85188
-0.109848 0.993925 -0.00677076 79.5485 -0.992026 -0.10921 0.062909 -87.5715 0.0617875 0.0136272 0.997996 4.92013
-0.108563 0.994057 -0.00807716 79.4079 -0.992124 -0.107835 0.0637292 -88.7592 0.0624794 0.0149322 0.997935 4.98395
-0.107499 0.994168 -0.00864708 79.267 -0.992396 -0.106775 0.0612255 -89.9689 0.0599451 0.015163 0.998087 5.05861
-0.106386 0.994297 -0.00744449 79.1299 -0.992543 -0.105745 0.0606389 -91.183 0.0595059 0.0138401 0.998132 5.13334
-0.105143 0.99442 -0.00861628 78.9919 -0.992707 -0.10444 0.0602132 -92.3973 0.0589774 0.0148845 0.998148 5.20792
-0.103466 0.994608 -0.00708361 78.8571 -0.992838 -0.102849 0.0607837 -93.619 0.0597274 0.013322 0.998126 5.28426
-0.10197 0.994761 -0.00726071 78.7226 -0.99281 -0.101305 0.0637646 -94.8412 0.062695 0.0137106 0.997939 5.3599
-0.100692 0.994902 -0.00558356 78.5924 -0.992942 -0.100137 0.0635524 -96.0708 0.0626693 0.0119434 0.997963 5.4364
-0.0999514 0.994991 -0.00173787 78.4796 -0.993157 -0.0996608 0.0608905 -97.3029 0.0604123 0.00781207 0.998143 5.51152
-0.0996274 0.995024 0.00079681 78.363 -0.993105 -0.0994848 0.0620127 -98.5363 0.0617835 0.00538685 0.998075 5.58586
-0.0997312 0.995009 0.00341572 78.2463 -0.993071 -0.0997503 0.0621206 -99.7778 0.0621512 0.0028033 0.998063 5.66264
-0.100598 0.994909 0.00605719 78.1259 -0.993155 -0.10078 0.0590519 -101.024 0.0593617 -7.52199e-05 0.998237 5.74045
-0.101726 0.994779 0.00816798 78.0054 -0.993115 -0.102028 0.0575636 -102.274 0.0580964 -0.00225603 0.998308 5.81768
-0.102945 0.994638 0.00987049 77.8797 -0.993015 -0.103342 0.0569314 -103.522 0.0576462 -0.00394073 0.998329 5.89233
-0.104638 0.994457 0.0102763 77.7503 -0.992842 -0.105055 0.0568087 -104.772 0.0575734 -0.0042584 0.998332 5.96923
-0.106927 0.994217 0.00998331 77.6153 -0.992676 -0.107318 0.0554693 -106.022 0.0562199 -0.00397905 0.99841 6.04419
-0.10977 0.99387 0.0131578 77.4821 -0.992614 -0.1103 0.0505135 -107.273 0.0516552 -0.0075157 0.998637 6.11926
-0.113835 0.993405 0.0137339 77.3415 -0.992174 -0.114386 0.0500618 -108.515 0.0513026 -0.00792764 0.998652 6.19033
-0.119046 0.992679 0.0203883 77.204 -0.99126 -0.120001 0.0548083 -109.744 0.0568537 -0.0136854 0.998289 6.26129
-0.126206 0.991795 0.0203461 77.0513 -0.990052 -0.127217 0.0601127 -110.981 0.0622079 -0.0125571 0.997984 6.33582
-0.135383 0.990625 0.0182526 76.8841 -0.989028 -0.136218 0.0571599 -112.206 0.0591103 -0.0103138 0.998198 6.41688
-0.146429 0.98904 0.018937 76.7046 -0.987753 -0.147227 0.0516612 -113.436 0.053883 -0.0111403 0.998485 6.49601
-0.159184 0.987095 0.0174213 76.5052 -0.985688 -0.1599 0.053404 -114.658 0.0555005 -0.00867093 0.998421 6.5659
-0.173544 0.984683 0.0167963 76.2822 -0.983232 -0.174208 0.0539151 -115.878 0.0560153 -0.00715798 0.998404 6.63672
-0.188216 0.981977 0.0172141 76.0481 -0.980652 -0.188865 0.0514888 -117.091 0.053812 -0.00719 0.998525 6.71182
-0.203726 0.978937 0.0133635 75.7889 -0.977494 -0.204151 0.0531845 -118.293 0.0547924 -0.00222765 0.998495 6.78643
-0.219078 0.975591 0.0150661 75.5206 -0.973959 -0.219584 0.05646 -119.482 0.0583902 -0.00230464 0.998291 6.86029
-0.234353 0.972006 0.0168453 75.2348 -0.970099 -0.234949 0.0608864 -120.659 0.0631397 -0.00207269 0.998003 6.93738
-0.250351 0.967923 0.0212107 74.9369 -0.966145 -0.251183 0.058913 -121.838 0.062351 -0.00574368 0.998038 7.01674
-0.266363 0.963502 0.026728 74.6226 -0.962161 -0.267439 0.0521763 -123.024 0.0574201 -0.0118188 0.99828 7.0944
-0.282117 0.95888 0.0309754 74.2871 -0.957833 -0.283348 0.0476395 -124.2 0.0544574 -0.0162293 0.998384 7.16632
-0.29738 0.954148 0.034165 73.9343 -0.953074 -0.29879 0.0487266 -125.362 0.0567005 -0.0180715 0.998228 7.23487
-0.311939 0.94942 0.0360022 73.5604 -0.948242 -0.313474 0.0506994 -126.513 0.0594208 -0.0183237 0.998065 7.30313
-0.32593 0.944703 0.0361358 73.1694 -0.943409 -0.327483 0.0522874 -127.652 0.0612299 -0.0170488 0.997978 7.37594
-0.340262 0.939673 0.0351713 72.7586 -0.938326 -0.34174 0.0525145 -128.787 0.0613658 -0.0151335 0.998001 7.45104
-0.354462 0.934383 0.0358569 72.3345 -0.933171 -0.355925 0.0501009 -129.913 0.0595758 -0.0157017 0.9981 7.52811
-0.368994 0.928709 0.0366418 71.8949 -0.927578 -0.37046 0.0485663 -131.031 0.0586783 -0.0160675 0.998148 7.60323
-0.383743 0.922584 0.0397497 71.4431 -0.921441 -0.385388 0.0492158 -132.135 0.0607248 -0.0177408 0.997997 7.67698
-0.39848 0.916266 0.0408588 70.9725 -0.914947 -0.400221 0.0519091 -133.225 0.0639151 -0.0166989 0.997816 7.7506
-0.413364 0.909607 0.0417752 70.4807 -0.908209 -0.415159 0.0529144 -134.315 0.0654747 -0.0160676 0.997725 7.82764
-0.427798 0.902925 0.0414072 69.9692 -0.901317 -0.429584 0.0555534 -135.393 0.0679484 -0.0135554 0.997597 7.90759
-0.442552 0.895658 0.0440975 69.4404 -0.893852 -0.444537 0.0584436 -136.468 0.0719485 -0.0135523 0.997316 7.989
-0.457534 0.887992 0.0461792 68.894 -0.885986 -0.459675 0.0610529 -137.537 0.0754419 -0.0129804 0.997066 8.07302
-0.472835 0.879869 0.047508 68.3248 -0.878059 -0.475003 0.0581687 -138.608 0.0737474 -0.0142107 0.997176 8.15991
-0.48883 0.870931 0.0502414 67.7392 -0.869442 -0.491098 0.0537877 -139.675 0.0715188 -0.017389 0.997288 8.24958
-0.504822 0.861643 0.0522131 67.1295 -0.860195 -0.507192 0.05311 -140.734 0.0722439 -0.0181024 0.997223 8.3351
-0.520636 0.852009 0.0549503 66.5004 -0.850616 -0.523166 0.0524291 -141.778 0.0734182 -0.0194452 0.997112 8.41954
-0.536399 0.842055 0.0567449 65.8482 -0.840748 -0.53901 0.0510942 -142.818 0.0736102 -0.0203013 0.99708 8.50808
-0.551953 0.831741 0.0596217 65.1748 -0.830521 -0.554732 0.0500691 -143.85 0.0747186 -0.0218813 0.996965 8.59899
-0.567335 0.821179 0.061607 64.4811 -0.81999 -0.57023 0.049546 -144.868 0.0758163 -0.0224079 0.99687 8.69036
-0.582656 0.810339 0.0621482 63.7628 -0.809313 -0.585509 0.0468135 -145.882 0.0743231 -0.0230212 0.996968 8.78222
-0.597942 0.799193 0.0612844 63.0228 -0.798398 -0.600618 0.0426517 -146.884 0.0708954 -0.0234262 0.997209 8.87371
-0.612885 0.787864 0.0603612 62.2625 -0.787143 -0.615434 0.0405896 -147.873 0.0691274 -0.0226361 0.997351 8.96199
-0.627695 0.776011 0.0616872 61.48 -0.77537 -0.630291 0.0391745 -148.854 0.0692808 -0.0232408 0.997326 9.04963
-0.642181 0.763706 0.0659986 60.6818 -0.763068 -0.645088 0.0398499 -149.816 0.0730086 -0.0247706 0.997024 9.13825
-0.657111 0.750455 0.0708651 59.8645 -0.749866 -0.660377 0.04005 -150.77 0.0768534 -0.026822 0.996682 9.22737
-0.67291 0.736192 0.0722097 59.0213 -0.735906 -0.676145 0.0356397 -151.715 0.0750618 -0.0291573 0.996753 9.321
-0.689083 0.721059 0.0723789 58.1535 -0.721254 -0.692097 0.0281759 -152.646 0.0704097 -0.0327881 0.996979 9.41575
-0.705822 0.704541 0.0737429 57.2634 -0.704948 -0.708826 0.024804 -153.558 0.0697463 -0.0344777 0.996969 9.50718
-0.72306 0.686564 0.0762526 56.35 -0.687129 -0.72618 0.0227314 -154.45 0.0709796 -0.0359592 0.996829 9.59404
-0.740381 0.667508 0.0791757 55.4139 -0.668441 -0.743548 0.017979 -155.321 0.070872 -0.039613 0.996699 9.68419
-0.757099 0.648403 0.0798386 54.445 -0.649437 -0.760251 0.0157911 -156.189 0.0709364 -0.0398947 0.996683 9.77257
-0.773016 0.629162 0.0812457 53.4531 -0.630072 -0.776347 0.017138 -157.035 0.0738574 -0.0379427 0.996547 9.85864
-0.788407 0.610048 0.0790928 52.4366 -0.610755 -0.791621 0.017738 -157.852 0.0734326 -0.0343216 0.996709 9.94876
-0.803219 0.59083 0.0758933 51.4151 -0.591362 -0.806212 0.0176748 -158.667 0.071629 -0.0306837 0.996959 10.048
-0.817426 0.570767 0.0777181 50.3811 -0.571199 -0.820597 0.0187396 -159.454 0.0744712 -0.0290742 0.996799 10.1466
-0.830907 0.550378 0.0817169 49.3333 -0.550757 -0.834429 0.0198684 -160.206 0.0791221 -0.0284975 0.996458 10.2454
-0.843888 0.530243 0.0818277 48.264 -0.530508 -0.847438 0.0202733 -160.937 0.0800937 -0.0263018 0.99644 10.3496
-0.855989 0.511001 0.0784854 47.1731 -0.511273 -0.859227 0.0181192 -161.627 0.0766957 -0.0246176 0.996751 10.4538
-0.866375 0.492947 0.0799815 46.0649 -0.493135 -0.869751 0.0187678 -162.297 0.0788155 -0.0231817 0.99662 10.5639
-0.87567 0.475925 0.0818436 44.9443 -0.475767 -0.879279 0.0226742 -162.927 0.0827546 -0.0190834 0.996387 10.6672
-0.884486 0.458952 0.0839525 43.8143 -0.458943 -0.888228 0.0205561 -163.549 0.0840032 -0.0203478 0.996258 10.7799
-0.892625 0.442606 0.085558 42.6689 -0.442836 -0.896436 0.0173103 -164.147 0.0843589 -0.0224365 0.996183 10.8949
-0.899986 0.42744 0.0855646 41.514 -0.427814 -0.903745 0.0148385 -164.724 0.0836712 -0.0232513 0.996222 11.0076
-0.906514 0.413299 0.0861157 40.3497 -0.413737 -0.910296 0.0135422 -165.277 0.0839877 -0.023353 0.996193 11.1214
-0.912674 0.399456 0.0863752 39.1785 -0.400072 -0.91642 0.0108175 -165.815 0.0834771 -0.0246834 0.996204 11.2331
-0.918587 0.38615 0.0841755 37.9956 -0.387069 -0.922033 0.00577691 -166.338 0.0798433 -0.0272751 0.996434 11.3444
-0.923994 0.373655 0.0813471 36.8015 -0.374784 -0.927111 0.00149181 -166.847 0.0759752 -0.0291092 0.996685 11.4523
-0.928537 0.362863 0.0784215 35.5994 -0.363832 -0.931462 0.00206121 -167.335 0.0737946 -0.0266184 0.996918 11.5563
-0.931805 0.354518 0.0778205 34.3973 -0.35517 -0.934784 0.00576657 -167.801 0.0747898 -0.0222662 0.996951 11.6553
-0.934028 0.348612 0.0778569 33.1906 -0.348815 -0.937122 0.0114165 -168.254 0.0769413 -0.0164943 0.996899 11.7541
-0.935691 0.343884 0.0789074 31.9849 -0.343753 -0.938929 0.0156658 -168.7 0.0794757 -0.0124663 0.996759 11.8566
-0.93752 0.338799 0.0791923 30.7717 -0.338848 -0.940748 0.0132349 -169.15 0.078984 -0.0144262 0.996771 11.9616
-0.939575 0.333475 0.0774216 29.5574 -0.334058 -0.942535 0.00567712 -169.59 0.0748658 -0.0205292 0.996982 12.0683
-0.941519 0.328137 0.0765976 28.3285 -0.329148 -0.944278 -0.000609901 -169.988 0.0721293 -0.0257862 0.997062 12.1744
-0.942934 0.322967 0.0810387 27.1028 -0.324545 -0.945846 -0.00676007 -170.383 0.0744669 -0.032675 0.996688 12.2758
-0.944009 0.319002 0.0841683 25.8798 -0.32086 -0.947082 -0.00920255 -170.773 0.0767786 -0.0356936 0.996409 12.3765
-0.944606 0.316507 0.0868509 24.6505 -0.318424 -0.947907 -0.00881944 -171.153 0.0795352 -0.0359863 0.996182 12.4827
-0.944785 0.315522 0.0884743 23.4241 -0.317488 -0.948222 -0.00873576 -171.54 0.0811369 -0.036343 0.99604 12.5908
-0.944608 0.31593 0.0889036 22.1949 -0.317662 -0.948187 -0.00568402 -171.92 0.0825014 -0.0336105 0.996024 12.7016
-0.944071 0.317039 0.0906475 20.9746 -0.318669 -0.947859 -0.00372987 -172.293 0.0847385 -0.0324078 0.995876 12.8167
-0.943533 0.318114 0.092459 19.7643 -0.319799 -0.947478 -0.00361821 -172.648 0.0864519 -0.0329822 0.99571 12.9303
-0.943049 0.319813 0.0915364 18.5541 -0.321371 -0.94695 -0.00242603 -173.026 0.0859045 -0.031705 0.995799 13.043
-0.942212 0.322334 0.0913077 17.3548 -0.323843 -0.946109 -0.00182339 -173.409 0.0857993 -0.0312874 0.995821 13.1585
-0.940867 0.32594 0.0923681 16.1576 -0.327591 -0.944815 -0.00288647 -173.816 0.08633 -0.0329747 0.995721 13.2753
-0.93951 0.330393 0.0903459 14.9599 -0.332104 -0.943233 -0.00418109 -174.231 0.0838358 -0.0339324 0.995902 13.3922
-0.937763 0.33604 0.0876256 13.7618 -0.337886 -0.941163 -0.00671714 -174.66 0.0802127 -0.0359065 0.996131 13.505
-0.935484 0.342707 0.086145 12.5696 -0.344648 -0.938695 -0.00829953 -175.093 0.0780196 -0.0374538 0.996248 13.6129
-0.932858 0.350262 0.0842194 11.3817 -0.352001 -0.935979 -0.00628678 -175.524 0.0766256 -0.03551 0.996427 13.7188
-0.92949 0.358876 0.0851886 10.2002 -0.360611 -0.932701 -0.00540229 -175.973 0.0775168 -0.0357413 0.99635 13.8247
-0.925753 0.36838 0.0853081 9.02812 -0.369992 -0.929029 -0.0033478 -176.428 0.0780204 -0.0346626 0.996349 13.9325
-0.921513 0.378945 0.0849442 7.84818 -0.38035 -0.924843 -0.000392203 -176.894 0.0784114 -0.0326699 0.996386 14.0385
-0.916577 0.390665 0.0852478 6.6746 -0.391985 -0.919971 0.00136132 -177.381 0.0789573 -0.0321681 0.996359 14.1476
-0.910776 0.4038 0.0862093 5.50849 -0.404989 -0.914313 0.00400101 -177.883 0.0804379 -0.0312698 0.996269 14.2516
-0.90476 0.417392 0.0848164 4.34389 -0.418423 -0.908232 0.0060937 -178.401 0.0795764 -0.0299758 0.996378 14.3631
-0.898695 0.430689 0.0827846 3.1906 -0.43173 -0.901984 0.0058077 -178.945 0.0771717 -0.0305213 0.996551 14.4715
-0.892157 0.444323 0.0814486 2.04107 -0.445194 -0.895397 0.00813084 -179.511 0.0765416 -0.0290065 0.996644 14.5732
-0.885366 0.457992 0.0798185 0.905664 -0.458642 -0.888552 0.0110679 -180.089 0.0759919 -0.026809 0.996748 14.6737
-0.878254 0.472063 0.0763286 -0.219179 -0.472538 -0.881217 0.0128492 -180.684 0.0733277 -0.0247833 0.997 14.7743
-0.870843 0.486277 0.0718864 -1.33202 -0.486561 -0.873523 0.0146829 -181.293 0.0699343 -0.0221906 0.997305 14.875
-0.862909 0.50075 0.0680996 -2.4257 -0.500782 -0.86539 0.0178368 -181.914 0.0678645 -0.0187115 0.997519 14.9724
-0.85398 0.516269 0.0646884 -3.50407 -0.516057 -0.856291 0.0212478 -182.553 0.0663617 -0.0152377 0.997679 15.0713
-0.843866 0.533029 0.0614037 -4.56623 -0.53261 -0.84601 0.024362 -183.2 0.0649338 -0.012146 0.997816 15.1663
-0.83309 0.550087 0.058014 -5.61232 -0.549463 -0.835061 0.0276358 -183.867 0.0636473 -0.00885343 0.997933 15.2531
-0.821964 0.566815 0.0556483 -6.64279 -0.566078 -0.823815 0.0297412 -184.547 0.0627017 -0.00705511 0.998007 15.331
-0.810254 0.583606 0.0537882 -7.65762 -0.582749 -0.812019 0.0320701 -185.254 0.0623933 -0.0053601 0.998037 15.4038
-0.797663 0.600898 0.0515336 -8.65424 -0.599929 -0.799318 0.034285 -185.981 0.0617935 -0.00356867 0.998083 15.4834
-0.784075 0.618808 0.0479893 -9.63515 -0.617784 -0.785541 0.0356173 -186.725 0.0597378 -0.00172042 0.998213 15.564
-0.769042 0.637691 0.0438719 -10.5922 -0.636615 -0.770292 0.0370331 -187.493 0.0574099 0.000550485 0.998351 15.6425
-0.752457 0.657293 0.0421231 -11.5187 -0.65607 -0.753631 0.0401663 -188.28 0.0581463 0.00258775 0.998305 15.7235
-0.735128 0.67665 0.0415993 -12.4132 -0.675269 -0.736295 0.0433725 -189.076 0.0599774 0.00379362 0.998193 15.8065
-0.717282 0.695585 0.0408379 -13.2847 -0.694174 -0.718435 0.0444286 -189.897 0.0602433 0.00351925 0.998178 15.8917
-0.698243 0.714802 0.0389376 -14.1305 -0.71341 -0.699319 0.044715 -190.739 0.0591921 0.00344349 0.998241 15.977
-0.678245 0.733828 0.0384709 -14.9475 -0.732488 -0.679333 0.0443764 -191.61 0.0586992 0.00191861 0.998274 16.0617
-0.657683 0.752287 0.0389534 -15.7319 -0.750952 -0.658835 0.0448041 -192.499 0.0593694 0.000214733 0.998236 16.1495
-0.636797 0.770013 0.039633 -16.497 -0.768718 -0.638025 0.0446713 -193.401 0.0596843 -0.00202011 0.998215 16.2306
-0.615439 0.787227 0.0388292 -17.2366 -0.78596 -0.616656 0.0447484 -194.317 0.0591714 -0.00297824 0.998243 16.3017
-0.592978 0.8044 0.0363125 -17.9552 -0.803157 -0.594083 0.0447668 -195.25 0.057583 -0.00261892 0.998337 16.3715
-0.568855 0.821705 0.0347068 -18.6459 -0.820459 -0.569907 0.0453197 -196.179 0.057019 -0.00269514 0.998369 16.4395
-0.543554 0.838753 0.0322806 -19.3041 -0.837337 -0.544511 0.0487242 -197.144 0.0584448 -0.000545479 0.99829 16.5088
-0.516768 0.855589 0.0302998 -19.9359 -0.854116 -0.517656 0.0501818 -198.128 0.0586199 5.27967e-05 0.99828 16.5782
-0.489566 0.871481 0.0290861 -20.5274 -0.8701 -0.490427 0.0490683 -199.143 0.0570268 -0.00128565 0.998372 16.6477
-0.46153 0.886712 0.0270673 -21.0872 -0.885458 -0.462318 0.0471853 -200.177 0.0543535 -0.00218955 0.998519 16.7159
-0.432026 0.901518 0.024872 -21.6151 -0.90023 -0.432739 0.0481921 -201.212 0.0542091 -0.0015703 0.998528 16.7877
-0.401025 0.915772 0.0232543 -22.1095 -0.914349 -0.401698 0.0510272 -202.269 0.0560705 -0.000799394 0.998426 16.8516
-0.369145 0.929158 0.0199516 -22.5713 -0.927642 -0.369682 0.053057 -203.342 0.0566741 0.00107775 0.998392 16.9098
-0.337149 0.941317 0.0159242 -22.9958 -0.939767 -0.337509 0.054097 -204.42 0.056297 0.00327368 0.998409 16.9738
-0.304403 0.952447 0.0135646 -23.3762 -0.950936 -0.304686 0.0537294 -205.526 0.0553073 0.00345631 0.998463 17.0421
-0.270874 0.96257 0.00932908 -23.7192 -0.961115 -0.27098 0.0531796 -206.644 0.0537171 0.00543865 0.998541 17.1128
-0.236714 0.971555 0.00691698 -24.0174 -0.97022 -0.236754 0.0511886 -207.788 0.0513701 0.00540608 0.998665 17.1854
-0.20176 0.979428 0.00359439 -24.2747 -0.978165 -0.201684 0.0501632 -208.935 0.0498562 0.00660502 0.998735 17.2592
-0.166522 0.986038 0.000497899 -24.4897 -0.984816 -0.166341 0.0496876 -210.064 0.0490766 0.00778374 0.998765 17.3316
-0.130851 0.9914 -0.00203096 -24.6601 -0.990189 -0.130589 0.0497231 -211.214 0.0490302 0.00851735 0.998761 17.4008
-0.0950983 0.995456 -0.004839 -24.79 -0.994259 -0.0947422 0.0497291 -212.366 0.0490446 0.00954036 0.998751 17.4708
-0.0596677 0.998202 -0.00574044 -24.8743 -0.996976 -0.0593057 0.0502117 -213.508 0.0497809 0.0087191 0.998722 17.5426
-0.0250309 0.999662 -0.00708534 -24.9195 -0.99843 -0.0246435 0.050309 -214.675 0.0501174 0.0083335 0.998709 17.6072
0.00864332 0.999931 -0.00800815 -24.9229 -0.998738 0.00902862 0.0493964 -215.834 0.0494653 0.0075711 0.998747 17.6698
0.0418439 0.999088 -0.00854995 -24.8839 -0.997869 0.0422186 0.0497444 -216.994 0.05006 0.00645023 0.998725 17.7385
0.0748351 0.997132 -0.0113129 -24.8047 -0.995906 0.0753103 0.0499928 -218.149 0.0507013 0.00752533 0.998686 17.8094
0.107019 0.994157 -0.0140939 -24.6933 -0.99303 0.10758 0.0481529 -219.296 0.0493877 0.00884243 0.998741 17.8773
0.138318 0.990243 -0.0169637 -24.5419 -0.989194 0.138971 0.0467199 -220.452 0.0486215 0.0103182 0.998764 17.9472
0.168582 0.985485 -0.0199877 -24.3575 -0.98444 0.169354 0.0468765 -221.605 0.049581 0.0117742 0.998701 18.0132
0.19843 0.979828 -0.0237348 -24.1416 -0.978805 0.199358 0.0468623 -222.754 0.0506488 0.0139329 0.998619 18.0766
0.228332 0.973192 -0.0275985 -23.8898 -0.972237 0.229415 0.0460799 -223.907 0.0511761 0.0163107 0.998556 18.1395
0.258463 0.965498 -0.0318005 -23.6028 -0.964659 0.259706 0.044563 -225.051 0.0512842 0.0191588 0.9985 18.2046
0.288312 0.956889 -0.0352095 -23.2792 -0.956154 0.289676 0.0430883 -226.191 0.0514301 0.0212428 0.998451 18.2693
0.317762 0.94732 -0.0401384 -22.923 -0.946699 0.319342 0.0422033 -227.324 0.0527979 0.0245883 0.998302 18.334
0.346303 0.937159 -0.0425071 -22.528 -0.936572 0.347979 0.0417501 -228.435 0.0539181 0.0253528 0.998223 18.4001
0.374398 0.926196 -0.0445721 -22.0979 -0.925711 0.376121 0.0398888 -229.549 0.0537094 0.0263266 0.99821 18.4673
0.402372 0.914302 -0.0463533 -21.6311 -0.913859 0.404154 0.0389944 -230.651 0.0543866 0.0266702 0.998164 18.5356
0.430448 0.901218 -0.0502042 -21.1349 -0.900768 0.432458 0.0399501 -231.726 0.057715 0.0280259 0.99794 18.6058
0.458321 0.887112 -0.0545397 -20.6034 -0.886672 0.4606 0.0407583 -232.799 0.0612781 0.0296785 0.997679 18.6786
0.485499 0.872335 -0.0576395 -20.0385 -0.871974 0.48793 0.0398181 -233.845 0.0628588 0.0309285 0.997543 18.7585
0.512058 0.856896 -0.0593683 -19.4372 -0.856708 0.514492 0.0367451 -234.9 0.0620312 0.0320456 0.99756 18.8284
0.537237 0.841308 -0.059807 -18.8024 -0.84119 0.539627 0.0346693 -235.938 0.0614409 0.0316834 0.997608 18.8962
0.56037 0.826075 -0.0598883 -18.1409 -0.825904 0.562754 0.0344872 -236.95 0.0621913 0.0301364 0.997609 18.9649
0.581333 0.8114 -0.0606754 -17.4472 -0.811184 0.583766 0.0346022 -237.951 0.0634964 0.0291036 0.997558 19.0432
0.600856 0.797048 -0.0607099 -16.727 -0.796856 0.60325 0.033325 -238.939 0.0631849 0.0283535 0.997599 19.1243
0.619263 0.782868 -0.0602623 -15.9846 -0.782768 0.621552 0.0307585 -239.905 0.061536 0.0281238 0.997709 19.2044
0.636429 0.768937 -0.0607854 -15.2176 -0.769002 0.638655 0.0274836 -240.862 0.0599541 0.0292527 0.997772 19.2825
0.652516 0.755272 -0.0615337 -14.4278 -0.755453 0.65472 0.0251372 -241.801 0.0592729 0.0300834 0.997788 19.3577
0.667807 0.741619 -0.0635188 -13.625 -0.741957 0.670061 0.0227591 -242.736 0.05944 0.0319295 0.997721 19.4232
0.682753 0.72778 -0.0646916 -12.803 -0.728135 0.685071 0.0223243 -243.658 0.0605655 0.0318622 0.997656 19.4951
0.697712 0.713334 -0.0659695 -11.9491 -0.713769 0.70007 0.0208902 -244.549 0.0610849 0.0325116 0.997603 19.5737
0.712631 0.698525 -0.0649609 -11.0652 -0.699008 0.714868 0.0187621 -245.428 0.0595443 0.0320377 0.997711 19.6582
0.726929 0.683736 -0.0638709 -10.1731 -0.684334 0.729006 0.0154239 -246.298 0.0571082 0.032497 0.997839 19.7284
0.740934 0.668532 -0.0638932 -9.26303 -0.669181 0.742972 0.0137922 -247.148 0.0566913 0.032537 0.997861 19.7972
0.754231 0.653163 -0.0671856 -8.33551 -0.653941 0.756438 0.0127241 -247.98 0.0591327 0.0343386 0.997659 19.8656
0.766636 0.638342 -0.0691992 -7.38715 -0.639165 0.768969 0.0124011 -248.798 0.0611282 0.0347226 0.997526 19.9404
0.778279 0.624134 -0.0688296 -6.41604 -0.624965 0.78057 0.0113709 -249.6 0.0608233 0.0341663 0.997564 20.0169
0.789363 0.610152 -0.0679783 -5.42834 -0.611059 0.791535 0.00896012 -250.387 0.0592742 0.0344659 0.997647 20.0949
0.800073 0.596018 -0.0681668 -4.42221 -0.597084 0.802159 0.00572785 -251.159 0.0580945 0.0361186 0.997657 20.1728
0.809919 0.582412 -0.0694818 -3.40089 -0.583532 0.812074 0.00501375 -251.917 0.0593445 0.0364842 0.997571 20.2494
0.818872 0.569275 -0.0733078 -2.36225 -0.570654 0.821186 0.00256455 -252.664 0.0616593 0.0397334 0.997306 20.3264
0.827416 0.556635 -0.0744345 -1.30714 -0.558178 0.829722 0.000103189 -253.394 0.0618174 0.0414623 0.997226 20.4036
0.835355 0.544647 -0.0744371 -0.235771 -0.546382 0.837529 -0.00356551 -254.116 0.0604013 0.0436495 0.997219 20.4832
0.842196 0.53375 -0.0762725 0.853867 -0.535602 0.844458 -0.00461347 -254.826 0.0619465 0.0447371 0.997076 20.5619
0.847878 0.52465 -0.0764578 1.94772 -0.526599 0.85009 -0.00643099 -255.52 0.061622 0.0457153 0.997052 20.6415
0.852001 0.51816 -0.0748636 3.06142 -0.520068 0.854094 -0.00722984 -256.208 0.0601944 0.045094 0.997168 20.723
0.855081 0.513208 -0.073853 4.18119 -0.515152 0.857053 -0.00881493 -256.891 0.0587721 0.0455831 0.99723 20.8027
0.857782 0.508773 -0.0732187 5.30822 -0.510724 0.859692 -0.00958437 -257.568 0.0580692 0.0456158 0.99727 20.8824
0.860266 0.504432 -0.0741062 6.44177 -0.506497 0.862172 -0.0109957 -258.244 0.0583457 0.0469937 0.99719 20.9591
0.862634 0.500585 -0.0726415 7.5825 -0.502691 0.864367 -0.0130631 -258.916 0.0562498 0.0477849 0.997273 21.0369
0.864854 0.496744 -0.0726148 8.73035 -0.498964 0.866489 -0.0152535 -259.586 0.0553428 0.0494243 0.997243 21.1138
0.867128 0.492602 -0.073704 9.88085 -0.494946 0.868765 -0.0166384 -260.252 0.0558353 0.0509071 0.997141 21.1893
0.869294 0.48872 -0.0740342 11.0381 -0.491131 0.870907 -0.0176543 -260.913 0.0558489 0.0517072 0.997099 21.2656
0.871445 0.485015 -0.0731033 12.203 -0.487353 0.873033 -0.0173353 -261.568 0.0554138 0.0507339 0.997174 21.3435
0.873584 0.481158 -0.0730557 13.3709 -0.483522 0.875148 -0.017964 -262.221 0.055291 0.051017 0.997166 21.421
0.875489 0.477731 -0.0727432 14.5432 -0.480064 0.877053 -0.0178009 -262.868 0.0552956 0.0505058 0.997192 21.4992
0.876815 0.475433 -0.0718333 15.7162 -0.477645 0.878398 -0.0165223 -263.508 0.0552429 0.0487978 0.99728 21.5769
0.877673 0.474079 -0.0702841 16.8943 -0.476113 0.879262 -0.0146749 -264.147 0.0548411 0.0463429 0.997419 21.6555
0.878179 0.473206 -0.0698485 18.0685 -0.475199 0.879761 -0.0143432 -264.783 0.0546627 0.0457878 0.997454 21.7338
0.878672 0.472231 -0.0702346 19.2402 -0.474148 0.880354 -0.012681 -265.415 0.0558429 0.0444441 0.99745 21.812
0.87917 0.47118 -0.0710623 20.4178 -0.473024 0.880983 -0.010787 -266.049 0.0575221 0.0430978 0.997414 21.8923
0.879413 0.470545 -0.0722491 21.5909 -0.472352 0.881361 -0.00930443 -266.68 0.0592994 0.0423095 0.997343 21.9726
