1 0.00014548 -0.000800826 -0.137589 -0.000147259 0.999998 -0.00222073 0.00489485 0.000800501 0.00222085 0.999997 0.126938
0.999997 -0.00146752 -0.00178911 0.427712 0.00146001 0.99999 -0.00418851 -0.000485631 0.00179524 0.00418589 0.99999 0.133151
0.999992 -0.0025833 -0.00313786 0.989922 0.00256851 0.999986 -0.00470938 0.00021163 0.00314999 0.00470128 0.999984 0.142152
0.999981 -0.00440148 -0.00435762 1.55155 0.00438068 0.999979 -0.00477215 0.00732414 0.00437854 0.00475297 0.999979 0.157635
0.99996 -0.00640484 -0.00627626 2.11357 0.00636149 0.999956 -0.00690207 0.0124793 0.00632019 0.00686187 0.999956 0.171688
0.999933 -0.00795975 -0.00839134 2.67827 0.00788085 0.999925 -0.00939392 0.0158546 0.00846549 0.00932716 0.999921 0.182827
0.999913 -0.00934848 -0.00931534 3.2525 0.00924983 0.999901 -0.010578 0.023318 0.00941331 0.0104909 0.999901 0.195893
0.999906 -0.0107204 -0.0085543 3.83188 0.0106278 0.999885 -0.0108029 0.0333562 0.00866913 0.0107109 0.999905 0.212039
0.999891 -0.0118765 -0.00876605 4.41873 0.011779 0.999869 -0.0110964 0.0459654 0.00889669 0.010992 0.9999 0.23372
0.999852 -0.0130575 -0.0112146 5.01295 0.012939 0.99986 -0.0105667 0.0583763 0.011351 0.01042 0.999881 0.252409
0.999785 -0.014186 -0.0151322 5.61364 0.0140528 0.999862 -0.00886731 0.0746349 0.0152559 0.00865275 0.999846 0.270662
0.999703 -0.015383 -0.0189026 6.22615 0.015246 0.999857 -0.00737026 0.0904528 0.0190133 0.00707988 0.999794 0.285406
0.999668 -0.0165539 -0.019727 6.8519 0.0164401 0.999847 -0.00591762 0.107141 0.0198219 0.00559135 0.999788 0.300888
0.999755 -0.0176465 -0.0133274 7.50044 0.0176023 0.999839 -0.00342763 0.126118 0.0133858 0.0031922 0.999905 0.317392
0.999825 -0.0185043 -0.00272102 8.16584 0.0184977 0.999826 -0.00242929 0.144463 0.0027655 0.00237853 0.999993 0.335012
0.999804 -0.0192742 0.00449709 8.84278 0.0192805 0.999813 -0.0013572 0.162733 -0.00447009 0.00144364 0.999989 0.35332
0.999778 -0.020552 0.00454383 9.52645 0.0205476 0.999788 0.0010195 0.184216 -0.00456382 -0.000925909 0.999989 0.368324
0.999769 -0.0213188 -0.00285349 10.2177 0.0213279 0.999767 0.00319417 0.207944 0.00278473 -0.00325429 0.999991 0.373322
0.999708 -0.0220307 -0.00994563 10.933 0.022056 0.999754 0.00243709 0.226727 0.00988949 -0.00265574 0.999948 0.374244
0.999687 -0.0232072 -0.00932182 11.6725 0.0232102 0.999731 0.000212387 0.240628 0.00931438 -0.000428681 0.999957 0.377981
0.999722 -0.0235591 0.00055603 12.4387 0.0235594 0.999722 -0.000564386 0.250392 -0.000542579 0.000577329 1 0.384022
0.999675 -0.0240164 0.00852583 13.2281 0.0240248 0.999711 -0.000879234 0.261859 -0.00850225 0.00108378 0.999963 0.385445
0.999637 -0.0244557 0.0113252 14.0294 0.0244774 0.999699 -0.00178012 0.275759 -0.0112783 0.00205669 0.999934 0.384559
0.999642 -0.0246463 0.0103681 14.8452 0.0246883 0.999687 -0.00394499 0.28726 -0.0102676 0.00419955 0.999938 0.379139
0.999675 -0.0243082 0.00770206 15.6784 0.0243454 0.999692 -0.00477704 0.302774 -0.00758357 0.00496299 0.999959 0.372134
0.999709 -0.0237684 0.00416053 16.5183 0.0237795 0.999714 -0.0026518 0.316702 -0.00409631 0.00274997 0.999988 0.363876
0.999739 -0.02284 -0.00112448 17.3716 0.0228336 0.999724 -0.0054716 0.324513 0.00124914 0.0054445 0.999984 0.360026
0.999725 -0.0222809 -0.00734133 18.2383 0.0222183 0.999717 -0.00850598 0.327159 0.00752877 0.00834053 0.999937 0.362669
0.999686 -0.0211363 -0.0134596 19.1268 0.0210276 0.999745 -0.00817221 0.340377 0.0136289 0.00788662 0.999876 0.365856
0.999676 -0.0209655 -0.0144205 20.0298 0.0208677 0.999758 -0.00690402 0.350996 0.0145617 0.00660086 0.999872 0.378994
0.999677 -0.0213102 -0.0138623 20.952 0.0212221 0.999754 -0.00647373 0.362927 0.0139969 0.00617745 0.999883 0.397502
0.999662 -0.0213248 -0.0148419 21.8883 0.0212492 0.99976 -0.00523624 0.374734 0.01495 0.0049191 0.999876 0.418367
0.999629 -0.0212367 -0.0170763 22.8394 0.0211989 0.999772 -0.00239385 0.394383 0.0171232 0.00203096 0.999851 0.439848
0.999611 -0.0212906 -0.0180205 23.8092 0.0213178 0.999772 0.00131589 0.409382 0.0179884 -0.00169953 0.999837 0.461771
0.999614 -0.0212257 -0.0179013 24.7834 0.0212873 0.999768 0.00325652 0.429088 0.017828 -0.00363634 0.999834 0.485284
0.999611 -0.0214553 -0.0178307 25.7644 0.0215349 0.999759 0.00428144 0.449185 0.0177346 -0.00466376 0.999832 0.508994
0.999601 -0.0217539 -0.0180014 26.7513 0.0218372 0.999752 0.00444489 0.466479 0.0179003 -0.00483622 0.999828 0.533047
0.99961 -0.0222205 -0.0169248 27.752 0.0223141 0.999737 0.0053623 0.485646 0.0168012 -0.00573787 0.999842 0.558923
0.99963 -0.022635 -0.0151082 28.759 0.0227307 0.999722 0.00619216 0.505244 0.0149639 -0.00653329 0.999867 0.58425
0.999637 -0.0230765 -0.0139292 29.7729 0.0231754 0.999707 0.00698309 0.525742 0.013764 -0.00730337 0.999879 0.609365
0.999619 -0.023335 -0.0147269 30.7884 0.0234385 0.999701 0.00689589 0.547977 0.0145615 -0.00723844 0.999868 0.632789
0.999592 -0.0236697 -0.0160133 31.8115 0.0238003 0.999685 0.00801535 0.57284 0.0158186 -0.0083932 0.99984 0.654818
0.99959 -0.0241701 -0.0153611 32.8422 0.0242931 0.999674 0.00786673 0.597615 0.015166 -0.00823668 0.999851 0.679246
0.999607 -0.0250322 -0.0126205 33.8907 0.0251235 0.999659 0.00712423 0.626668 0.0124379 -0.0074385 0.999895 0.704016
0.999634 -0.0254626 -0.00915033 34.9473 0.0255301 0.999647 0.00733014 0.65769 0.00896046 -0.00756106 0.999931 0.727733
0.999641 -0.0259669 -0.00659331 36.0118 0.026016 0.999634 0.00747122 0.689665 0.00639689 -0.00764007 0.99995 0.749208
0.999628 -0.0266045 -0.00600092 37.0728 0.0266484 0.999618 0.00736051 0.715387 0.0058028 -0.00751769 0.999955 0.772138
0.999605 -0.0270697 -0.00758473 38.1426 0.027121 0.999609 0.00673954 0.733234 0.00739933 -0.00694259 0.999949 0.787835
0.99959 -0.0275173 -0.00793085 39.2162 0.0275723 0.999596 0.00690925 0.744956 0.00773752 -0.00712509 0.999945 0.80063
0.999578 -0.0281787 -0.00706581 40.2912 0.0282257 0.999579 0.00664834 0.76619 0.0068755 -0.00684497 0.999953 0.821694
0.999565 -0.0290587 -0.00503573 41.3488 0.0290926 0.999554 0.00679205 0.798997 0.00483611 -0.0069356 0.999964 0.843826
0.999556 -0.0296588 -0.00279401 42.4045 0.029678 0.999534 0.00709814 0.834686 0.00258219 -0.00717791 0.999971 0.865631
0.999546 -0.0300465 -0.00235727 43.4587 0.0300661 0.999509 0.00876802 0.872284 0.00209267 -0.00883492 0.999959 0.887952
0.999516 -0.0303938 -0.00660717 44.5386 0.030454 0.999494 0.00921678 0.904418 0.00632369 -0.00941353 0.999936 0.905666
0.999473 -0.0304477 -0.0112916 45.6154 0.0305648 0.999479 0.0103526 0.940476 0.0109705 -0.0106922 0.999883 0.919728
0.999458 -0.0306765 -0.0119722 46.7032 0.0308068 0.999466 0.010849 0.974337 0.011633 -0.011212 0.999869 0.940875
0.999491 -0.0304966 -0.00932678 47.7869 0.0306 0.999469 0.0111547 1.00975 0.00898166 -0.0114344 0.999894 0.964403
0.999515 -0.0303197 -0.00713446 48.8685 0.0304057 0.999462 0.0122739 1.04564 0.00675849 -0.0124849 0.999899 0.985756
0.999526 -0.030234 -0.00580141 49.9497 0.0302927 0.999488 0.0103233 1.07615 0.00548633 -0.0104942 0.99993 1.00435
0.999541 -0.0298115 -0.00545335 51.0056 0.0298714 0.99949 0.0112604 1.1073 0.00511488 -0.0114182 0.999922 1.02222
0.999538 -0.0292609 -0.00818436 52.053 0.0293347 0.999529 0.00904889 1.13557 0.00791572 -0.0092848 0.999926 1.0357
0.999521 -0.0290642 -0.0106154 53.1033 0.029172 0.999523 0.0101438 1.16811 0.0103156 -0.0104486 0.999892 1.04849
0.999502 -0.0288867 -0.012665 54.2019 0.0290035 0.999538 0.00913706 1.19548 0.0123952 -0.00949984 0.999878 1.064
0.999461 -0.0288226 -0.0157214 55.2927 0.0289463 0.999551 0.00769912 1.22803 0.0154925 -0.00815005 0.999847 1.08147
0.999419 -0.0287291 -0.0183517 56.3889 0.0288428 0.999566 0.00596454 1.25568 0.0181724 -0.00649039 0.999814 1.10391
0.999457 -0.0286296 -0.0163021 57.4498 0.02871 0.999577 0.00471766 1.29237 0.0161601 -0.00518313 0.999856 1.13569
0.999537 -0.028696 -0.010145 58.5264 0.0287345 0.99958 0.00366719 1.32468 0.0100355 -0.003957 0.999942 1.16346
0.999586 -0.028493 -0.00391235 59.602 0.0285038 0.99959 0.00273648 1.35939 0.00383278 -0.00284687 0.999989 1.18495
0.999595 -0.0283641 -0.0023533 60.6748 0.0283671 0.999597 0.001235 1.38987 0.00231732 -0.00130126 0.999996 1.20365
0.999592 -0.0280076 -0.00559209 61.7666 0.0279969 0.999606 -0.00199083 1.40951 0.00564565 0.00183346 0.999982 1.20974
0.99957 -0.0279326 -0.00891503 62.8572 0.0278984 0.999603 -0.00393231 1.42745 0.00902133 0.0036819 0.999953 1.21795
0.999526 -0.0279963 -0.012815 63.9489 0.0279728 0.999607 -0.00200971 1.45106 0.0128662 0.00165029 0.999916 1.23183
0.99946 -0.0278288 -0.0174638 65.0332 0.0277839 0.99961 -0.00281199 1.47584 0.0175352 0.00232526 0.999844 1.24777
0.999462 -0.0271906 -0.0183258 66.121 0.0272028 0.99963 0.000415758 1.50347 0.0183077 -0.000914047 0.999832 1.2666
0.999551 -0.0261601 -0.0146373 67.2164 0.0262386 0.999642 0.0052002 1.53514 0.014496 -0.00558192 0.999879 1.29028
0.999587 -0.0259928 -0.012237 68.3082 0.0260753 0.999638 0.00663269 1.56402 0.0120602 -0.00694904 0.999903 1.31415
0.999587 -0.0261195 -0.0119668 69.3967 0.026191 0.99964 0.00586328 1.58817 0.0118094 -0.00617429 0.999911 1.33239
0.999603 -0.0259385 -0.0109816 70.4875 0.0259876 0.999653 0.00435436 1.61049 0.0108649 -0.00463802 0.99993 1.35361
0.999613 -0.0261305 -0.00958921 71.5715 0.0261616 0.999653 0.00313843 1.62806 0.00950387 -0.00338809 0.999949 1.37321
0.999622 -0.0263999 -0.00768013 72.6555 0.026412 0.99965 0.00147368 1.64748 0.00763854 -0.00167597 0.999969 1.39771
0.999616 -0.0271369 -0.00561147 73.7353 0.0271385 0.999632 0.000209447 1.67079 0.00560372 -0.000361654 0.999984 1.42515
0.999596 -0.0276328 -0.00669828 74.8098 0.0276297 0.999618 -0.000555878 1.69451 0.00671108 0.000370582 0.999977 1.44863
0.999549 -0.0280827 -0.0106032 75.8788 0.0280796 0.999606 -0.000446869 1.72202 0.0106116 0.000148934 0.999944 1.4709
0.999503 -0.0287278 -0.0129971 76.9476 0.028731 0.999587 5.97434e-05 1.75012 0.0129901 -0.000433134 0.999916 1.49521
0.999509 -0.0292177 -0.0113616 78.0161 0.0292433 0.99957 0.0020925 1.78797 0.0112955 -0.00242372 0.999933 1.52821
0.999529 -0.0298302 -0.00715924 79.0906 0.0298528 0.99955 0.00307075 1.82416 0.00706441 -0.00328302 0.99997 1.56009
0.999531 -0.0304845 -0.0028004 80.1601 0.0304971 0.999524 0.00458027 1.86136 0.00265944 -0.00466353 0.999986 1.59006
0.999523 -0.0308336 -0.00168824 81.222 0.0308428 0.999508 0.00572327 1.89387 0.00151094 -0.00577261 0.999982 1.60722
0.999502 -0.031317 -0.00396193 82.2777 0.0313387 0.999494 0.00552858 1.92539 0.00378679 -0.00564999 0.999977 1.62097
0.999477 -0.0319523 -0.00497556 83.3258 0.0319786 0.999475 0.00529102 1.9561 0.00480388 -0.00544736 0.999974 1.63741
0.999463 -0.0324401 -0.00469112 84.363 0.0324631 0.999461 0.00492206 1.98807 0.00452892 -0.0050717 0.999977 1.64913
0.99944 -0.0331757 -0.00442037 85.3861 0.0331918 0.999442 0.00361146 2.01806 0.00429809 -0.00375615 0.999984 1.66204
0.999422 -0.0338799 -0.002804 86.3953 0.0338861 0.999423 0.00216058 2.04896 0.00272919 -0.00225435 0.999994 1.67356
0.999412 -0.0342945 -1.21614e-07 87.3883 0.0342944 0.999409 0.00218903 2.08467 -7.495e-05 -0.00218775 0.999998 1.68626
0.999379 -0.0352111 0.00156664 88.3597 0.0352091 0.999379 0.00126092 2.11987 -0.00161006 -0.00120498 0.999998 1.69919
0.999307 -0.0371781 0.00179966 89.3118 0.037178 0.999309 5.67159e-05 2.1584 -0.00180052 1.02311e-05 0.999998 1.71471
0.999184 -0.0403658 0.0012282 90.2436 0.0403665 0.999185 -0.000577661 2.1949 -0.00120388 0.000626768 0.999999 1.72625
0.999042 -0.0437496 0.000270703 91.1502 0.0437497 0.999042 -0.000305339 2.23565 -0.000257086 0.00031689 1 1.73815
0.998904 -0.0468069 4.44819e-06 92.0363 0.0468069 0.998904 -0.000435619 2.27572 1.59466e-05 0.000435349 1 1.74957
0.998751 -0.0499348 0.00148724 92.9006 0.0499337 0.998752 0.000726067 2.32302 -0.00152164 -0.000650897 0.999999 1.77202
0.998595 -0.0529492 0.00231012 93.7425 0.052945 0.998596 0.00185346 2.36999 -0.00240502 -0.00172855 0.999996 1.78849
0.99843 -0.0558902 0.00375386 94.5594 0.0558795 0.998433 0.00291245 2.42154 -0.00391076 -0.00269811 0.999989 1.80466
0.998269 -0.0586427 0.00445137 95.3481 0.0586226 0.99827 0.0045201 2.47239 -0.00470874 -0.00425133 0.99998 1.81627
0.998122 -0.0610559 0.005008 96.1057 0.061022 0.998114 0.00664679 2.53006 -0.00540438 -0.00632871 0.999965 1.8327
0.997958 -0.063741 0.00399826 96.8306 0.063705 0.997932 0.00856064 2.58689 -0.00453566 -0.00828846 0.999955 1.84962
0.997803 -0.0662534 0.000526272 97.5261 0.0662449 0.997754 0.00995953 2.64255 -0.00118494 -0.00990278 0.99995 1.86607
0.997635 -0.0686528 -0.00349121 98.1886 0.0686908 0.997563 0.012272 2.6978 0.00264019 -0.0124828 0.999919 1.87953
0.997471 -0.0707949 -0.00632749 98.8234 0.0708793 0.997382 0.0143011 2.75067 0.00529848 -0.0147134 0.999878 1.89694
0.997397 -0.0716936 -0.00764237 99.4295 0.0718068 0.997294 0.0157322 2.79967 0.0064938 -0.01624 0.999847 1.91519
0.997462 -0.0708268 -0.00723806 100.014 0.0709477 0.997316 0.0180996 2.84845 0.0059367 -0.0185672 0.99981 1.93375
0.997665 -0.0680576 -0.00569912 100.577 0.0681658 0.997439 0.0216378 2.89545 0.00421191 -0.0219758 0.99975 1.95452
0.998023 -0.0627102 -0.00408315 101.116 0.0627914 0.99773 0.0243407 2.93481 0.00254747 -0.0245489 0.999695 1.97225
0.998453 -0.0555687 -0.00215703 101.635 0.0556053 0.998139 0.025045 2.96454 0.000761296 -0.0251262 0.999684 1.98654
0.998936 -0.0461203 0.000670291 102.128 0.0460891 0.998624 0.0250268 2.98688 -0.00182361 -0.0249693 0.999687 2.00156
0.999402 -0.0344987 0.00251101 102.601 0.0344261 0.999101 0.0247483 3.00402 -0.00336253 -0.024647 0.999691 2.02205
0.999771 -0.0211596 0.00312853 103.051 0.021078 0.999486 0.0241428 3.01276 -0.00363777 -0.0240713 0.999704 2.04021
0.999977 -0.00617815 0.00295351 103.482 0.00610543 0.999693 0.0240282 3.01304 -0.00310105 -0.0240096 0.999707 2.06094
0.999932 0.0116752 0.000745431 103.902 -0.0116891 0.999671 0.0228118 3.00251 -0.000478854 -0.022819 0.999739 2.0763
0.99946 0.0327253 -0.00308809 104.313 -0.0326483 0.999217 0.0223387 2.98277 0.00381671 -0.0222258 0.999746 2.09538
0.998352 0.0569203 -0.00732826 104.712 -0.0567601 0.998178 0.0204698 2.94912 0.00848006 -0.0200201 0.999764 2.1086
0.996417 0.0840316 -0.00961061 105.11 -0.0838473 0.996312 0.0182016 2.90045 0.0111047 -0.0173305 0.999788 2.12678
0.993462 0.113678 -0.0105016 105.492 -0.113508 0.993415 0.0155985 2.83909 0.0122056 -0.0143045 0.999823 2.13854
0.989237 0.145844 -0.0118425 105.872 -0.145686 0.989243 0.0132106 2.76397 0.0136418 -0.0113431 0.999843 2.15427
0.983359 0.181167 -0.0135329 106.236 -0.181032 0.98342 0.0106213 2.67488 0.0152328 -0.00799468 0.999852 2.16922
0.975549 0.219327 -0.0141769 106.601 -0.219243 0.975643 0.00725098 2.56973 0.0154219 -0.00396551 0.999873 2.18739
0.965732 0.259099 -0.0151512 106.945 -0.259056 0.965851 0.00475988 2.45106 0.0158671 -0.000671752 0.999874 2.20031
0.953687 0.300389 -0.0157398 107.289 -0.300344 0.953817 0.00519613 2.32268 0.0165737 -0.000228133 0.999863 2.21617
0.938734 0.344315 -0.0150557 107.625 -0.34424 0.938853 0.00736884 2.18202 0.0166723 -0.0017346 0.99986 2.22794
0.921216 0.388809 -0.0137046 107.941 -0.388745 0.921317 0.00718985 2.02384 0.0154218 -0.0012958 0.99988 2.23926
0.901397 0.432818 -0.0123339 108.254 -0.432772 0.901481 0.00629801 1.84754 0.0138446 -0.000339247 0.999904 2.24861
0.878627 0.477336 -0.0128431 108.548 -0.477314 0.878719 0.0049066 1.65889 0.0136276 0.00181915 0.999905 2.25689
0.853773 0.520443 -0.0145195 108.84 -0.520428 0.85389 0.00509551 1.45763 0.01505 0.00320593 0.999882 2.2655
0.82656 0.562602 -0.0166699 109.109 -0.562574 0.826719 0.00676458 1.24574 0.0175871 0.0037867 0.999838 2.27418
0.796307 0.604616 -0.0182952 109.385 -0.604515 0.796515 0.0112116 1.02208 0.0213511 0.00213188 0.99977 2.28019
0.762953 0.646193 -0.0183517 109.64 -0.645971 0.763173 0.0169841 0.784435 0.0249805 -0.00110346 0.999687 2.28283
0.726156 0.687322 -0.0168952 109.899 -0.68699 0.72634 0.0217777 0.529825 0.02724 -0.00420712 0.99962 2.28399
0.687105 0.726364 -0.0168257 110.136 -0.726033 0.687304 0.022121 0.258033 0.0276323 -0.00298345 0.999614 2.29273
0.646609 0.762615 -0.0177224 110.34 -0.762375 0.646851 0.0191589 -0.0331687 0.0260746 0.00112282 0.999659 2.30067
0.602947 0.797642 -0.0148976 110.552 -0.797469 0.603128 0.0167443 -0.341005 0.0223411 0.00178448 0.999749 2.30687
0.556968 0.830436 -0.0127346 110.731 -0.830307 0.557109 0.0148287 -0.661465 0.0194088 0.00231454 0.999809 2.31208
0.509541 0.860376 -0.0110212 110.909 -0.860295 0.509649 0.0122205 -0.996741 0.0161312 0.00325468 0.999865 2.32083
0.459248 0.888252 -0.00995607 111.051 -0.888239 0.459323 0.00732846 -1.34697 0.0110826 0.00547779 0.999924 2.32869
0.407847 0.913033 -0.00570621 111.199 -0.913011 0.407879 0.00673857 -1.70534 0.00847998 0.00246153 0.999961 2.33802
0.356923 0.934131 -0.00214086 111.331 -0.934073 0.356925 0.0106122 -2.07341 0.0106773 -0.00178801 0.999941 2.34378
0.306379 0.951907 -0.00198952 111.429 -0.951781 0.306372 0.0157682 -2.45179 0.0156194 -0.00293746 0.999874 2.34534
0.259442 0.965755 -0.00246501 111.525 -0.965597 0.259445 0.0176525 -2.84899 0.0176876 -0.00219961 0.999841 2.35013
0.217369 0.976059 -0.0076933 111.59 -0.97592 0.217471 0.0169242 -3.26208 0.0181921 0.00382924 0.999827 2.35708
0.181534 0.983273 -0.0148144 111.647 -0.983207 0.181767 0.0162543 -3.69316 0.0186752 0.0116149 0.999758 2.36331
0.150459 0.988425 -0.0194417 111.694 -0.988404 0.150806 0.0177752 -4.13506 0.0205014 0.0165419 0.999653 2.36808
0.122091 0.992379 -0.016688 111.748 -0.992358 0.122356 0.0159437 -4.59774 0.0178641 0.0146139 0.999734 2.38033
0.0964249 0.995301 -0.00888219 111.798 -0.995258 0.096528 0.0120108 -5.08008 0.0128117 0.00768193 0.999888 2.39117
0.072251 0.997382 -0.00293893 111.834 -0.99735 0.0722732 0.00833599 -5.57917 0.00852657 0.00232885 0.999961 2.40128
0.0492388 0.998771 -0.00574362 111.85 -0.998773 0.0492676 0.00499785 -6.0995 0.00527468 0.00549048 0.999971 2.41264
0.028644 0.999507 -0.0128892 111.847 -0.999575 0.0287102 0.00498043 -6.63501 0.00534802 0.012741 0.999905 2.42174
0.0103327 0.999786 -0.0179418 111.833 -0.999921 0.0104584 0.00692415 -7.1887 0.0071103 0.0178688 0.999815 2.42847
-0.00434862 0.999805 -0.0192803 111.827 -0.999914 -0.00410831 0.0124859 -7.76136 0.0124043 0.019333 0.999736 2.42558
-0.0160649 0.999744 -0.0159342 111.822 -0.999724 -0.0157875 0.0173822 -8.35345 0.0171261 0.016209 0.999722 2.42471
-0.022886 0.999577 -0.0179452 111.803 -0.999584 -0.0225633 0.0179815 -8.9716 0.017569 0.0183492 0.999677 2.42818
-0.0258457 0.999385 -0.0237168 111.773 -0.999579 -0.0255225 0.0138298 -9.61467 0.013216 0.0240643 0.999623 2.43564
-0.0257423 0.99932 -0.0264 111.75 -0.999595 -0.025412 0.0127724 -10.2717 0.0120928 0.0267181 0.99957 2.4426
-0.0240375 0.999376 -0.0258727 111.734 -0.999647 -0.023736 0.0118996 -10.9482 0.0112781 0.0261497 0.999594 2.44906
-0.0225495 0.999516 -0.0214327 111.726 -0.999682 -0.022301 0.0117658 -11.6371 0.0112821 0.0216912 0.999701 2.45723
-0.0215119 0.999548 -0.0210066 111.71 -0.999681 -0.0212276 0.013662 -12.347 0.0132099 0.0212938 0.999686 2.45996
-0.020779 0.999575 -0.0204516 111.693 -0.999689 -0.0204908 0.0142057 -13.07 0.0137806 0.0207404 0.99969 2.46515
-0.0202312 0.99959 -0.0202845 111.675 -0.999705 -0.0199532 0.0138169 -13.8088 0.0134065 0.020558 0.999699 2.47399
-0.0195017 0.999631 -0.0189303 111.665 -0.999737 -0.0192689 0.0123999 -14.5651 0.0120306 0.0191672 0.999744 2.48771
-0.0189356 0.999624 -0.0198193 111.651 -0.999764 -0.0187188 0.0110697 -15.3309 0.0106946 0.0200242 0.999742 2.50211
-0.0194837 0.999596 -0.020711 111.635 -0.999774 -0.0193033 0.00887685 -16.1083 0.00847347 0.0208793 0.999746 2.51711
-0.0207507 0.999612 -0.0186005 111.619 -0.999761 -0.020618 0.00729979 -16.8887 0.00691345 0.0187475 0.9998 2.53182
-0.0223341 0.999606 -0.0169956 111.6 -0.999733 -0.0222303 0.00626925 -17.6754 0.00588896 0.0171311 0.999836 2.5431
-0.0237241 0.999532 -0.0192987 111.575 -0.999713 -0.0236574 0.00367638 -18.4737 0.00321811 0.0193804 0.999807 2.55103
-0.0249776 0.999442 -0.0221731 111.547 -0.999686 -0.0249261 0.00259816 -19.2799 0.00204402 0.0222311 0.999751 2.55975
-0.0269187 0.999479 -0.0178186 111.528 -0.999638 -0.026918 0.000277701 -20.0967 -0.000202084 0.0178196 0.999841 2.57187
-0.0278834 0.999497 -0.0150835 111.509 -0.9996 -0.0278077 0.0052031 -20.9142 0.00478105 0.0152226 0.999873 2.57941
-0.0286523 0.999455 -0.0163883 111.487 -0.999541 -0.028485 0.0103564 -21.7358 0.00988398 0.0166775 0.999812 2.58715
-0.0294379 0.999421 -0.0170446 111.467 -0.999498 -0.0292321 0.0121971 -22.5667 0.0116918 0.0173951 0.99978 2.59971
-0.0303737 0.999447 -0.013536 111.454 -0.999492 -0.0302384 0.0100883 -23.4055 0.00967344 0.0138356 0.999857 2.6162
-0.0310009 0.999464 -0.0105189 111.444 -0.999504 -0.0309395 0.0059475 -24.2474 0.00561887 0.0106981 0.999927 2.63633
-0.0308218 0.999484 -0.00899059 111.425 -0.999525 -0.0308215 0.000163526 -25.0919 -0.000113662 0.00899136 0.99996 2.65297
-0.0306331 0.999513 -0.00595236 111.412 -0.999516 -0.0306647 -0.00530178 -25.9376 -0.00548173 0.00578706 0.999968 2.66541
-0.0304853 0.999531 -0.00291829 111.398 -0.999513 -0.0305041 -0.00663835 -26.7761 -0.00672425 0.0027145 0.999974 2.67856
-0.0295884 0.999549 -0.00516201 111.376 -0.999561 -0.0295958 -0.00136599 -27.6068 -0.00151815 0.00511933 0.999986 2.69292
-0.028627 0.999562 -0.00744358 111.349 -0.999538 -0.0285486 0.0104389 -28.4271 0.0102218 0.00773898 0.999918 2.70199
-0.0282068 0.999557 -0.00951433 111.324 -0.999457 -0.0280391 0.0173217 -29.2495 0.0170472 0.00999775 0.999805 2.71571
-0.0268373 0.99958 -0.0109117 111.3 -0.999577 -0.0267121 0.0114587 -30.0817 0.0111624 0.0112146 0.999875 2.73866
-0.0254675 0.99958 -0.013804 111.274 -0.999672 -0.0254261 0.00316939 -30.9136 0.00281708 0.0138802 0.9999 2.76225
-0.024827 0.999571 -0.0155684 111.249 -0.999692 -0.024824 0.000390887 -31.7355 4.24952e-06 0.0155733 0.999879 2.77995
-0.0247903 0.999585 -0.0146778 111.229 -0.999692 -0.0247787 0.000974051 -32.5485 0.00060995 0.0146974 0.999892 2.79446
-0.025493 0.999607 -0.0116731 111.212 -0.999674 -0.0254739 0.00178335 -33.3609 0.00148529 0.0117148 0.99993 2.80862
-0.0273747 0.999578 -0.00970499 111.192 -0.999623 -0.0273549 0.00216598 -34.1671 0.00189959 0.00976063 0.999951 2.82178
-0.0293127 0.99953 -0.00898822 111.17 -0.999569 -0.0292995 0.00159848 -34.9714 0.00133438 0.0090312 0.999958 2.83708
-0.0314244 0.999472 -0.00822907 111.148 -0.999504 -0.0314058 0.00237037 -35.7714 0.00211067 0.00829947 0.999963 2.85372
-0.0334488 0.99942 -0.00633784 111.127 -0.999438 -0.033433 0.00258713 -36.5678 0.00237373 0.00642081 0.999977 2.86827
-0.0354651 0.999362 -0.00426307 111.106 -0.999369 -0.0354575 0.00184395 -37.3626 0.00169162 0.00432578 0.999989 2.8808
-0.0374883 0.999286 -0.00475094 111.081 -0.999297 -0.0374874 0.000279733 -38.1533 0.000101433 0.00475808 0.999989 2.89887
-0.0394675 0.999211 -0.00446635 111.053 -0.999221 -0.0394678 2.66601e-05 -38.9364 -0.000149638 0.00446392 0.99999 2.91545
-0.041301 0.999138 -0.00414242 111.023 -0.999146 -0.0412964 0.00119413 -39.7174 0.00102203 0.0041882 0.999991 2.93119
-0.0423071 0.999094 -0.00466473 110.989 -0.999103 -0.0422979 0.00206469 -40.4886 0.00186551 0.0047479 0.999987 2.945
-0.043528 0.99903 -0.00671354 110.952 -0.999052 -0.0435239 0.000753375 -41.2616 0.000460445 0.00673997 0.999977 2.96076
-0.0449116 0.998967 -0.0068737 110.915 -0.998991 -0.0449138 -0.000165044 -42.0295 -0.000473597 0.00685935 0.999976 2.97847
-0.0462685 0.998912 -0.00587601 110.882 -0.998928 -0.0462747 -0.000916468 -42.7899 -0.00118738 0.00582731 0.999982 2.99552
-0.0476312 0.998857 -0.00408408 110.851 -0.998863 -0.0476398 -0.00201305 -43.5397 -0.00220532 0.00398355 0.99999 3.0109
-0.0485236 0.998818 -0.0029272 110.82 -0.998818 -0.048532 -0.00284827 -44.2733 -0.00298696 0.00278553 0.999992 3.02228
-0.0493718 0.998776 -0.00306889 110.788 -0.998774 -0.0493827 -0.00357942 -44.9882 -0.00372659 0.0028884 0.999989 3.03452
-0.0497289 0.998758 -0.00314078 110.757 -0.998762 -0.049733 -0.00124991 -45.6931 -0.00140456 0.00307474 0.999994 3.04736
-0.0498482 0.998751 -0.00326876 110.724 -0.998755 -0.0498423 0.00186188 -46.3935 0.00169663 0.0033575 0.999993 3.06092
-0.0500309 0.998747 -0.00129517 110.695 -0.998742 -0.0500262 0.00343729 -47.0909 0.00336819 0.00146551 0.999993 3.0744
-0.0502602 0.998735 -0.00154151 110.663 -0.998727 -0.0502531 0.00432539 -47.7856 0.00424246 0.00175694 0.999989 3.08927
-0.0503433 0.998728 -0.00272374 110.628 -0.998724 -0.0503316 0.0042259 -48.4802 0.00408344 0.002933 0.999987 3.10304
-0.0506251 0.998711 -0.00378255 110.594 -0.998713 -0.0506128 0.00329194 -49.1687 0.00309625 0.00394434 0.999987 3.11537
-0.0509699 0.9987 -1.52925e-06 110.567 -0.998693 -0.0509695 0.00389029 -49.8543 0.00388515 0.000199815 0.999992 3.12704
-0.0508819 0.998701 0.00288704 110.54 -0.998698 -0.0508921 0.00359472 -50.5386 0.00373698 -0.00270037 0.999989 3.14042
-0.05076 0.99871 0.000941486 110.505 -0.998708 -0.0507619 0.00220255 -51.214 0.0022475 -0.000828469 0.999997 3.15121
-0.0516641 0.998664 0.00026088 110.47 -0.998663 -0.0516645 0.00182723 -51.887 0.00183826 -0.000166129 0.999998 3.16121
-0.0549044 0.998487 0.00315032 110.439 -0.998491 -0.0549087 0.00129716 -52.5566 0.00146818 -0.00307435 0.999994 3.17349
-0.0600914 0.998166 0.00732689 110.408 -0.998192 -0.060099 0.000826509 -53.2225 0.00126533 -0.00726398 0.999973 3.18676
-0.065959 0.997812 0.00459271 110.361 -0.997813 -0.0659777 0.00406186 -53.8821 0.00435599 -0.00431475 0.999981 3.19561
-0.0723935 0.997374 0.00216291 110.307 -0.997348 -0.0724076 0.00740472 -54.5432 0.00754189 -0.00162112 0.99997 3.20417
-0.0798275 0.996803 0.00327206 110.255 -0.996767 -0.0798539 0.00893798 -55.2126 0.0091707 -0.00254798 0.999955 3.21537
-0.0860892 0.996264 0.00682144 110.203 -0.99625 -0.0861434 0.00810863 -55.885 0.00866596 -0.0060978 0.999944 3.22864
-0.091478 0.995773 0.00818546 110.141 -0.995777 -0.0915361 0.00702442 -56.5617 0.007744 -0.00750831 0.999942 3.24539
-0.0959418 0.995337 0.00993061 110.074 -0.995352 -0.0960174 0.00743706 -57.2414 0.00835589 -0.00917093 0.999923 3.26056
-0.0998771 0.994922 0.0124445 110.007 -0.994969 -0.0999641 0.00657584 -57.9296 0.00778645 -0.0117252 0.999901 3.27245
-0.102692 0.994644 0.0117688 109.934 -0.994699 -0.102746 0.00408003 -58.6266 0.00526738 -0.0112875 0.999922 3.28451
-0.104459 0.994482 0.00966123 109.856 -0.994528 -0.104471 0.000716082 -59.3363 0.00172145 -0.00953356 0.999953 3.2968
-0.106265 0.994285 0.0102205 109.783 -0.994335 -0.106234 -0.0035208 -60.0605 -0.00241492 -0.0105367 0.999942 3.30755
-0.107761 0.99412 0.0106276 109.709 -0.994175 -0.107737 -0.00287783 -60.7861 -0.00171592 -0.0108758 0.999939 3.31391
-0.108496 0.994051 0.0095569 109.63 -0.994096 -0.108503 0.000218979 -61.5144 0.00125463 -0.00947672 0.999954 3.31911
-0.108759 0.994058 0.00442442 109.542 -0.994056 -0.108778 0.00449508 -62.2469 0.00494965 -0.00390924 0.99998 3.3266
-0.109482 0.993985 -0.00274282 109.45 -0.993953 -0.109454 0.00874373 -62.9872 0.00839092 0.00368352 0.999958 3.33595
-0.110252 0.993896 -0.00397272 109.365 -0.993846 -0.110202 0.0111785 -63.7317 0.0106724 0.00518072 0.99993 3.34622
-0.110767 0.993844 -0.00209049 109.287 -0.99381 -0.110745 0.00876797 -64.4807 0.00848248 0.00304875 0.999959 3.35988
-0.110511 0.993873 -0.00184266 109.207 -0.993871 -0.110506 0.0029667 -65.2333 0.0027449 0.00215922 0.999994 3.37716
-0.110629 0.99385 -0.0047661 109.128 -0.993861 -0.110623 0.00161432 -65.9782 0.00107715 0.00491543 0.999987 3.45056
-0.11162 0.993738 -0.00507969 109.061 -0.993751 -0.111616 0.00105165 -66.7256 0.000478095 0.00516533 0.999987 3.57224
-0.113376 0.993546 -0.00355187 108.99 -0.993551 -0.113371 0.00163992 -67.4667 0.00122666 0.00371489 0.999992 3.64556
-0.115664 0.993284 -0.00295464 108.918 -0.993285 -0.115656 0.00276968 -68.207 0.00240936 0.00325516 0.999992 3.73284
-0.117837 0.993026 -0.00366523 108.837 -0.993031 -0.117828 0.00253262 -68.9467 0.00208309 0.00393812 0.99999 3.78768
-0.119668 0.992804 -0.00441849 108.752 -0.992812 -0.119657 0.00268984 -69.6926 0.00214178 0.00470862 0.999987 3.85367
-0.121744 0.992553 -0.00402295 108.667 -0.99256 -0.121735 0.00241381 -70.4424 0.00190611 0.00428689 0.999989 3.89913
-0.12345 0.99235 -0.00156942 108.585 -0.992348 -0.123446 0.00265648 -71.1975 0.00244242 0.00188536 0.999995 3.94489
-0.124701 0.992193 -0.00174016 108.497 -0.992187 -0.124693 0.0040232 -71.9513 0.0037748 0.00222826 0.99999 3.98105
-0.125413 0.992105 -0.000117581 108.411 -0.992097 -0.125411 0.00406646 -72.7109 0.00401961 0.000626638 0.999992 4.01899
-0.126827 0.991925 -1.85751e-05 108.323 -0.991914 -0.126825 0.00463094 -73.4757 0.00459118 0.000605752 0.999989 4.0474
-0.127836 0.991795 -0.000625652 108.232 -0.991791 -0.127834 0.00303737 -74.2475 0.00293246 0.0010088 0.999995 4.07842
-0.12892 0.991654 0.00129649 108.139 -0.991654 -0.128921 0.000989406 -75.0229 0.00114829 -0.00115812 0.999999 4.10506
-0.130577 0.991429 0.00415351 108.047 -0.991438 -0.130573 -0.00118913 -75.8041 -0.000636598 -0.00427322 0.999991 4.12851
-0.1326 0.991164 0.00329606 107.949 -0.991168 -0.132594 -0.00199967 -76.589 -0.00154496 -0.00353211 0.999993 4.15228
-0.134417 0.990923 0.00203426 107.846 -0.990924 -0.134414 -0.00152852 -77.3798 -0.00124122 -0.00222125 0.999997 4.16879
-0.136637 0.990617 0.00277709 107.745 -0.990621 -0.136636 -0.000592975 -78.1749 -0.000207962 -0.00283207 0.999996 4.18075
-0.138332 0.990383 0.00251227 107.64 -0.99038 -0.13834 0.0030814 -78.972 0.00339932 -0.00206184 0.999992 4.19382
-0.138626 0.990345 0.000580992 107.529 -0.990318 -0.138626 0.00733041 -79.7738 0.00734017 0.000440816 0.999973 4.2098
-0.139845 0.990173 -0.000233928 107.419 -0.990113 -0.139834 0.0110792 -80.581 0.0109377 0.00178099 0.999939 4.22427
-0.139625 0.990203 -0.00166419 107.307 -0.990136 -0.139595 0.0120166 -81.3989 0.0116665 0.00332559 0.999926 4.24225
-0.139228 0.990243 -0.005867 107.189 -0.990201 -0.139153 0.0117434 -82.2223 0.0108124 0.00744453 0.999914 4.26226
-0.138993 0.990272 -0.00645349 107.078 -0.990253 -0.138926 0.00989947 -83.0535 0.00890662 0.00776655 0.99993 4.28285
-0.138283 0.990373 -0.00623508 106.97 -0.990364 -0.138229 0.00846459 -83.8879 0.00752123 0.00734551 0.999945 4.29794
-0.136505 0.990625 -0.00526761 106.861 -0.990624 -0.136472 0.0062524 -84.7268 0.0054749 0.00607171 0.999967 4.31444
-0.134766 0.990856 -0.00652977 106.748 -0.990876 -0.13475 0.00285074 -85.5755 0.00194478 0.00685438 0.999975 4.32873
-0.132934 0.991097 -0.00741037 106.638 -0.991124 -0.132941 -0.000481804 -86.4246 -0.00146266 0.00728055 0.999972 4.34208
-0.131177 0.991341 -0.00589676 106.531 -0.991357 -0.131186 -0.00121924 -87.2742 -0.00198226 0.00568586 0.999982 4.35907
-0.129846 0.991514 -0.00631129 106.424 -0.991532 -0.129832 0.00265774 -88.1207 0.00181578 0.00660295 0.999977 4.37803
-0.127828 0.991779 -0.00582371 106.317 -0.991762 -0.127773 0.00902966 -88.9679 0.00821131 0.00692998 0.999942 4.39266
-0.12627 0.991987 -0.00411828 106.218 -0.991923 -0.12621 0.0126179 -89.8193 0.011997 0.00567828 0.999912 4.40842
-0.124473 0.99222 -0.00252995 106.117 -0.99217 -0.12444 0.0106264 -90.6807 0.0102289 0.00383285 0.99994 4.43266
-0.123568 0.992331 -0.00324985 106.014 -0.99231 -0.12354 0.00770603 -91.5463 0.00724544 0.00417708 0.999965 4.45679
-0.122925 0.992407 -0.00420137 105.91 -0.992401 -0.122899 0.00607942 -92.4122 0.00551692 0.00491676 0.999973 4.47663
-0.122211 0.992495 -0.00427232 105.807 -0.992488 -0.122184 0.00617593 -93.272 0.00560757 0.004995 0.999972 4.49531
-0.121762 0.992554 -0.00313076 105.706 -0.992545 -0.121743 0.00568899 -94.1361 0.00526549 0.00380012 0.999979 4.51457
-0.121008 0.992634 -0.00591044 105.602 -0.992643 -0.120981 0.0047347 -94.9995 0.00398477 0.0064399 0.999971 4.53263
-0.119906 0.992751 -0.00830527 105.496 -0.992783 -0.119883 0.00313921 -95.8616 0.00212079 0.00862174 0.999961 4.55101
-0.119158 0.992815 -0.0109589 105.393 -0.992869 -0.119112 0.00474531 -96.7159 0.00340587 0.0114462 0.999929 4.56755
-0.118482 0.992892 -0.0112889 105.29 -0.992938 -0.118404 0.00733535 -97.5707 0.00594656 0.0120783 0.999909 4.58514
-0.117612 0.993025 -0.0082905 105.193 -0.993033 -0.117543 0.00832058 -98.4236 0.00728805 0.00921134 0.999931 4.60223
-0.117208 0.9931 -0.00394744 105.1 -0.993097 -0.117188 0.00495769 -99.2771 0.00446088 0.00450127 0.99998 4.62374
-0.117147 0.993114 0.000846921 105.009 -0.993113 -0.117149 0.00164947 -100.127 0.00173733 -0.000647856 0.999998 4.64642
-0.118255 0.992974 0.00426436 104.917 -0.99298 -0.118264 0.00200102 -100.969 0.00249128 -0.00399779 0.999989 4.66584
-0.11958 0.992791 0.00814763 104.826 -0.992796 -0.119635 0.00664134 -101.803 0.00756821 -0.00729476 0.999945 4.68209
-0.120306 0.992691 0.00949806 104.73 -0.992681 -0.120395 0.00948564 -102.633 0.0105598 -0.00828736 0.99991 4.69916
-0.120809 0.992638 0.0086486 104.632 -0.992616 -0.120892 0.00990732 -103.461 0.0108799 -0.00738785 0.999914 4.72139
-0.121279 0.992591 0.0073746 104.532 -0.99257 -0.121343 0.00898046 -104.287 0.00980878 -0.00623067 0.999932 4.74633
-0.121881 0.992524 0.00637295 104.432 -0.992491 -0.121939 0.00959691 -105.104 0.0103023 -0.00515542 0.999934 4.7701
-0.122413 0.992464 0.00540271 104.332 -0.992393 -0.122473 0.0124778 -105.916 0.0130454 -0.00383416 0.999908 4.79364
-0.123029 0.992385 0.00592681 104.234 -0.992292 -0.123102 0.0142186 -106.724 0.01484 -0.00413182 0.999881 4.81832
-0.124165 0.992232 0.00766495 104.139 -0.992147 -0.124264 0.0142651 -107.528 0.0151068 -0.00583352 0.999869 4.84245
-0.126274 0.991951 0.00938674 104.043 -0.991888 -0.126394 0.0135174 -108.327 0.0145951 -0.0076037 0.999865 4.86929
-0.129412 0.991541 0.00996693 103.944 -0.991479 -0.129542 0.013752 -109.118 0.0149268 -0.00810232 0.999856 4.8958
-0.132515 0.991123 0.0107357 103.844 -0.991017 -0.132682 0.0167591 -109.903 0.0180347 -0.00841839 0.999802 4.91967
-0.135972 0.990638 0.0121962 103.743 -0.990517 -0.136179 0.0182249 -110.683 0.0197152 -0.00960248 0.99976 4.94381
-0.139115 0.990196 0.0125755 103.639 -0.990081 -0.139329 0.0180786 -111.461 0.0196535 -0.00993575 0.999757 4.96991
-0.142044 0.989797 0.0112043 103.532 -0.9897 -0.142216 0.0163964 -112.235 0.0178225 -0.00875986 0.999803 4.99596
-0.144624 0.98944 0.00958221 103.423 -0.989315 -0.144773 0.0172336 -113.006 0.0184389 -0.00698743 0.999806 5.01975
-0.146572 0.989089 0.014809 103.32 -0.988919 -0.14687 0.0216301 -113.769 0.0235691 -0.0114746 0.999656 5.04805
-0.148296 0.988765 0.0187788 103.216 -0.988483 -0.14878 0.0276911 -114.526 0.0301739 -0.014456 0.99944 5.07828
-0.15097 0.988419 0.0153338 103.098 -0.987952 -0.151396 0.0320863 -115.284 0.0340362 -0.010305 0.999367 5.10502
-0.153726 0.98803 0.0128328 102.977 -0.987602 -0.154051 0.0301657 -116.045 0.0317815 -0.00803644 0.999463 5.13297
-0.157245 0.987473 0.0130715 102.861 -0.987273 -0.157505 0.0220218 -116.811 0.0238048 -0.00944232 0.999672 5.16924
-0.159468 0.987099 0.0143065 102.744 -0.986975 -0.159726 0.0191874 -117.568 0.0212249 -0.0110604 0.999714 5.2033
-0.161001 0.986841 0.0149392 102.621 -0.986634 -0.161316 0.0230235 -118.315 0.0251305 -0.0110327 0.999623 5.23155
-0.163518 0.986373 0.0181833 102.505 -0.986128 -0.163955 0.0258887 -119.06 0.0285172 -0.0136978 0.999499 5.25615
-0.16604 0.985924 0.0196058 102.388 -0.985621 -0.166555 0.0284649 -119.802 0.0313297 -0.0145976 0.999403 5.28547
-0.168112 0.985625 0.0167894 102.263 -0.985167 -0.16858 0.0320515 -120.54 0.0344211 -0.0111521 0.999345 5.3167
-0.169909 0.985315 0.0168733 102.14 -0.984686 -0.170429 0.0366955 -121.275 0.0390323 -0.01038 0.999184 5.34787
-0.172923 0.984764 0.0183567 102.021 -0.984035 -0.173532 0.0395275 -122.008 0.0421108 -0.0112284 0.99905 5.37836
-0.175145 0.984384 0.0176622 101.893 -0.983752 -0.175695 0.0369298 -122.742 0.0394563 -0.0109071 0.999162 5.41544
-0.17923 0.98372 0.0131136 101.756 -0.983187 -0.179575 0.0331234 -123.477 0.034939 -0.00695636 0.999365 5.45313
-0.184765 0.982728 0.0104079 101.617 -0.982228 -0.185006 0.0316448 -124.203 0.0330237 -0.00437608 0.999445 5.48923
-0.190887 0.981544 0.0115569 101.48 -0.981087 -0.191157 0.0304659 -124.928 0.0321128 -0.00552279 0.999469 5.52489
-0.199088 0.979894 0.0131306 101.339 -0.979456 -0.199402 0.0300874 -125.644 0.0321007 -0.00687083 0.999461 5.55817
-0.209417 0.977718 0.0145638 101.19 -0.977274 -0.209776 0.0304865 -126.358 0.0328624 -0.00784841 0.999429 5.59171
-0.221204 0.975118 0.0146311 101.029 -0.974635 -0.221568 0.0315389 -127.065 0.0339959 -0.00728345 0.999395 5.62438
-0.233527 0.972241 0.0145556 100.861 -0.971743 -0.233884 0.0318404 -127.772 0.0343609 -0.00670872 0.999387 5.65695
-0.24536 0.969356 0.012166 100.68 -0.968832 -0.24563 0.0320866 -128.473 0.0340916 -0.00391404 0.999411 5.689
-0.25655 0.966486 0.00933635 100.491 -0.965957 -0.256719 0.0319815 -129.172 0.0333065 -0.000813649 0.999445 5.72116
-0.266899 0.963708 0.00559029 100.295 -0.963185 -0.266939 0.0319181 -129.865 0.032252 0.00313442 0.999475 5.75179
-0.275964 0.961168 0.000311908 100.087 -0.960651 -0.275826 0.0326928 -130.556 0.0315093 0.0087224 0.999465 5.78372
-0.283778 0.958877 -0.00494517 99.8736 -0.958422 -0.283475 0.0326879 -131.243 0.0299418 0.0140157 0.999453 5.81351
-0.290343 0.956909 -0.00507112 99.665 -0.956463 -0.290035 0.0325432 -131.926 0.0296701 0.014299 0.999457 5.84428
-0.295137 0.955414 -0.00889199 99.4493 -0.955071 -0.294742 0.0310871 -132.608 0.0270802 0.0176674 0.999477 5.87156
-0.297443 0.954601 -0.0162756 99.2251 -0.954478 -0.296919 0.0284909 -133.286 0.0223649 0.0240091 0.999462 5.89908
-0.298516 0.954115 -0.0235046 98.9992 -0.954208 -0.297864 0.0276335 -133.958 0.0193644 0.0306773 0.999342 5.92725
-0.299519 0.953744 -0.0257161 98.7841 -0.953956 -0.298915 0.0248631 -134.629 0.0160261 0.0319789 0.99936 5.95429
-0.299558 0.95368 -0.0275515 98.5702 -0.953853 -0.298735 0.0303651 -135.287 0.0207279 0.0353762 0.999159 5.97615
-0.298185 0.954142 -0.0264286 98.3632 -0.954191 -0.297258 0.0340091 -135.945 0.0245933 0.035359 0.999072 5.99757
-0.297564 0.954281 -0.028337 98.1535 -0.954388 -0.296575 0.0344368 -136.6 0.0244583 0.0372917 0.999005 6.02152
-0.295736 0.954781 -0.0305524 97.9437 -0.955003 -0.294746 0.0330694 -137.256 0.0225689 0.0389575 0.998986 6.04554
-0.293692 0.955322 -0.0332254 97.7354 -0.955721 -0.292788 0.0295356 -137.906 0.0184881 0.0404286 0.999011 6.07706
-0.292205 0.955734 -0.0344865 97.5365 -0.956168 -0.291244 0.0303108 -138.547 0.018925 0.0418319 0.998945 6.1043
-0.289992 0.956396 -0.0347981 97.3403 -0.956786 -0.288907 0.0330629 -139.182 0.0215678 0.0428823 0.998847 6.1266
-0.28587 0.957589 -0.0360782 97.1447 -0.957993 -0.284682 0.0347238 -139.812 0.0229803 0.0444892 0.998746 6.15164
-0.280579 0.959077 -0.0380236 96.9543 -0.959576 -0.279372 0.034143 -140.441 0.0221231 0.0460663 0.998693 6.17799
-0.274914 0.960631 -0.0401225 96.7671 -0.961261 -0.273747 0.0322612 -141.068 0.0200077 0.0474373 0.998674 6.20653
-0.270037 0.961986 -0.0407764 96.5872 -0.962677 -0.268945 0.0303451 -141.69 0.0182249 0.0474488 0.998707 6.23395
-0.265886 0.96313 -0.0410384 96.4122 -0.963845 -0.264829 0.0294572 -142.306 0.0175029 0.0473869 0.998723 6.26059
-0.261915 0.964156 -0.0424801 96.2401 -0.964956 -0.260889 0.0282098 -142.92 0.016116 0.04838 0.998699 6.2833
-0.257987 0.965062 -0.0458106 96.0667 -0.966051 -0.256998 0.0264092 -143.53 0.0137133 0.0510686 0.998601 6.30481
-0.25391 0.96596 -0.0495147 95.8964 -0.96715 -0.252909 0.0256422 -144.138 0.0122466 0.054399 0.998444 6.32465
-0.250452 0.966931 -0.0481537 95.7378 -0.968068 -0.249568 0.0236491 -144.737 0.0108494 0.052539 0.99856 6.35023
-0.246839 0.968012 -0.0449782 95.5879 -0.968977 -0.24596 0.0242216 -145.329 0.012384 0.0495617 0.998694 6.37357
-0.242374 0.969135 -0.045074 95.439 -0.970053 -0.241319 0.0276224 -145.915 0.0158927 0.0504191 0.998602 6.39538
-0.236925 0.970403 -0.0467374 95.2912 -0.971334 -0.235642 0.0313537 -146.499 0.0194124 0.0528261 0.998415 6.41468
-0.230425 0.972005 -0.0459342 95.1542 -0.972863 -0.229096 0.03244 -147.077 0.0210085 0.0521627 0.998418 6.4363
-0.221867 0.974122 -0.0431356 95.0275 -0.974864 -0.220678 0.0306701 -147.658 0.0203573 0.0488561 0.998598 6.46075
-0.211256 0.976492 -0.0428211 94.9 -0.977242 -0.210153 0.0288603 -148.234 0.0191829 0.0479436 0.998666 6.4857
