0.999999 -0.00107525 -0.00108817 0.00515657 0.00108089 0.999986 0.00519757 0.00595323 0.00108256 -0.00519874 0.999986 -0.0566486
0.999998 -0.00176505 -0.00122337 1.20429 0.00177226 0.999981 0.00591338 0.0188048 0.00121291 -0.00591554 0.999982 -0.0349357
0.999996 -0.00244672 -0.001358 2.3896 0.00245566 0.999975 0.00662076 0.0315084 0.00134176 -0.00662407 0.999977 -0.0134731
0.999994 -0.00313179 -0.00149434 3.58118 0.00314267 0.999968 0.00733166 0.0442794 0.00147133 -0.00733632 0.999972 0.00810291
0.999992 -0.00364984 -0.00163701 4.77229 0.00366251 0.999963 0.00780391 0.0545434 0.00160846 -0.00780984 0.999968 0.029434
0.99999 -0.00419956 -0.00178396 5.96674 0.00421419 0.999957 0.00827843 0.0646386 0.00174912 -0.00828586 0.999964 0.050836
0.999987 -0.00477631 -0.00193436 7.15667 0.00479306 0.99995 0.00875054 0.0745187 0.00189247 -0.0087597 0.99996 0.0721673
0.999983 -0.00538396 -0.00208904 8.34876 0.00540301 0.999943 0.00922419 0.0842884 0.00203926 -0.00923533 0.999955 0.0935549
0.99998 -0.00601751 -0.00211553 9.53656 0.00603775 0.999935 0.00969672 0.0936219 0.00205704 -0.0097093 0.999951 0.113906
0.999975 -0.00668437 -0.00215789 10.7246 0.00670598 0.999926 0.0101695 0.102891 0.00208975 -0.0101838 0.999946 0.134128
0.99997 -0.00738438 -0.00221615 11.9125 0.00740756 0.999916 0.0106425 0.112133 0.00213738 -0.0106586 0.999941 0.154234
0.999965 -0.0080755 -0.00238253 13.1046 0.00810155 0.999905 0.0111332 0.123199 0.00229239 -0.0111521 0.999935 0.176789
0.999959 -0.0087448 -0.00250909 14.2962 0.00877308 0.999896 0.0114876 0.134172 0.00240837 -0.0115091 0.999931 0.199235
0.999949 -0.00972501 -0.0028515 15.4893 0.00976142 0.999867 0.0130428 0.145977 0.00272428 -0.01307 0.999911 0.222852
0.999944 -0.0102184 -0.00277845 16.6804 0.0102525 0.999869 0.0125502 0.15643 0.00264984 -0.012578 0.999917 0.244496
0.999939 -0.010802 -0.0024243 17.8745 0.0108299 0.999872 0.0118035 0.165512 0.00229649 -0.011829 0.999927 0.266824
0.999934 -0.0113091 -0.00197115 19.0707 0.0113306 0.999872 0.01129 0.175418 0.00184322 -0.0113116 0.999934 0.288354
0.999924 -0.0120309 -0.00282334 20.2648 0.0120622 0.999863 0.0113472 0.186645 0.00268643 -0.0113804 0.999932 0.309896
0.999914 -0.0125392 -0.00383866 21.46 0.012581 0.99986 0.0110584 0.199888 0.00369946 -0.0111057 0.999931 0.330797
0.999905 -0.0134067 -0.00320593 22.655 0.0134432 0.999842 0.0116351 0.214867 0.00304943 -0.0116771 0.999927 0.352911
0.999895 -0.0141869 -0.0030142 23.8499 0.0142217 0.999829 0.0118436 0.230314 0.00284566 -0.0118852 0.999925 0.375835
0.999879 -0.0150828 -0.00376215 25.0445 0.0151265 0.999815 0.0118843 0.2461 0.00358221 -0.0119397 0.999922 0.396877
0.999867 -0.0159257 -0.00341034 26.2415 0.0159662 0.999798 0.0121842 0.263852 0.00321561 -0.012237 0.99992 0.415491
0.99986 -0.0166795 -0.00121261 27.441 0.0166922 0.999796 0.0113607 0.281227 0.00102287 -0.0113794 0.999935 0.434876
0.999845 -0.0176031 -0.000984202 28.6371 0.0176127 0.999787 0.0107543 0.299245 0.000794683 -0.01077 0.999942 0.451253
0.999828 -0.0183739 -0.00235209 29.8285 0.0183967 0.99978 0.010097 0.31814 0.00216605 -0.0101386 0.999946 0.468396
0.999808 -0.0193429 -0.00316004 31.0283 0.0193723 0.999767 0.00954062 0.337597 0.00297476 -0.0096 0.999949 0.4861
0.999793 -0.0200967 -0.00319649 32.2326 0.0201276 0.999748 0.00991972 0.359562 0.00299633 -0.009982 0.999946 0.504689
0.999782 -0.0207248 -0.0026643 33.4215 0.0207488 0.999741 0.00932607 0.381586 0.00247033 -0.00937932 0.999953 0.525777
0.999769 -0.021341 -0.00242491 34.6167 0.0213619 0.999732 0.00895697 0.404682 0.00223311 -0.00900671 0.999957 0.547499
0.99976 -0.0218034 -0.00235346 35.815 0.0218217 0.999729 0.00807697 0.427835 0.00217672 -0.00812639 0.999965 0.567502
0.999747 -0.0223616 -0.00237662 37.0103 0.02238 0.999717 0.00803362 0.452116 0.0021963 -0.00808478 0.999965 0.588625
0.999744 -0.0225401 -0.00186695 38.2065 0.0225528 0.999721 0.00705234 0.475559 0.00170747 -0.00709264 0.999973 0.610101
0.999748 -0.0224505 -0.000658307 39.4037 0.0224546 0.999723 0.00708053 0.500831 0.000499163 -0.00709352 0.999975 0.630781
0.999751 -0.022312 0.0002906 40.5993 0.0223092 0.999723 0.00744609 0.526117 -0.000456657 -0.00743775 0.999972 0.65148
0.999754 -0.0221963 -0.000169495 41.7978 0.022197 0.99972 0.00824237 0.550732 -1.35031e-05 -0.00824411 0.999966 0.672401
0.999757 -0.022062 -0.000287093 42.9973 0.0220637 0.999715 0.00907439 0.575877 8.6812e-05 -0.00907852 0.999959 0.691692
0.999765 -0.0216314 0.00117861 44.1994 0.0216156 0.999694 0.0120553 0.604578 -0.00143902 -0.012027 0.999927 0.709801
0.999789 -0.0200525 0.00435639 45.401 0.0199972 0.999723 0.0123922 0.62737 -0.00460368 -0.0123025 0.999914 0.723673
0.999806 -0.0183683 0.00714361 46.603 0.0182742 0.999748 0.0130193 0.648237 -0.00738095 -0.0128862 0.99989 0.734482
0.999805 -0.0167181 0.0104967 47.81 0.0165773 0.999773 0.0133658 0.665979 -0.0107178 -0.0131892 0.999856 0.742071
0.9998 -0.0154801 0.0126312 49.0116 0.0153151 0.999797 0.0130563 0.686427 -0.0128307 -0.0128603 0.999835 0.748211
0.999842 -0.0139824 0.0109479 50.2089 0.0138578 0.999839 0.0113807 0.703307 -0.0111052 -0.0112272 0.999875 0.749958
0.999879 -0.0129005 0.00864258 51.4082 0.0127976 0.999848 0.0118622 0.721533 -0.00879429 -0.0117501 0.999892 0.753203
0.99989 -0.0121318 0.00850878 52.6081 0.0120202 0.999843 0.0130404 0.739454 -0.00866564 -0.0129367 0.999879 0.758931
0.999894 -0.0121016 0.00810083 53.8121 0.0120032 0.999855 0.0120911 0.753727 -0.00824597 -0.0119926 0.999894 0.765849
0.99989 -0.0128545 0.00742913 55.0146 0.012769 0.999853 0.0114423 0.769377 -0.00757513 -0.0113462 0.999907 0.773541
0.999869 -0.0144274 0.00740176 56.2182 0.0143408 0.99983 0.0116232 0.786354 -0.00756819 -0.0115155 0.999905 0.781416
0.999832 -0.0159897 0.0089505 57.43 0.0158848 0.999806 0.0116747 0.806703 -0.00913543 -0.0115306 0.999892 0.790857
0.999812 -0.0169614 0.0093562 58.639 0.0168515 0.99979 0.0117026 0.828884 -0.00955273 -0.0115428 0.999888 0.797316
0.9998 -0.0177993 0.00909595 59.849 0.0176832 0.999763 0.0126932 0.853418 -0.00931973 -0.0125298 0.999878 0.803174
0.999789 -0.0184669 0.00896602 61.0511 0.0183488 0.999746 0.0130815 0.876033 -0.00920532 -0.0129143 0.999874 0.810406
0.999792 -0.0185862 0.00842321 62.2531 0.0184806 0.999752 0.012437 0.897823 -0.00865227 -0.0122788 0.999887 0.817885
0.999796 -0.0187462 0.00745527 63.4535 0.0186625 0.999764 0.0111449 0.917836 -0.00766244 -0.0110035 0.99991 0.825666
0.999782 -0.0191092 0.00838395 64.6538 0.0190186 0.999761 0.0107577 0.939844 -0.00858752 -0.0105959 0.999907 0.83265
0.999756 -0.0193888 0.0105626 65.8571 0.0192749 0.999756 0.0107851 0.962025 -0.0107691 -0.0105789 0.999886 0.84122
0.999765 -0.0196989 0.00910015 67.0544 0.0195959 0.999745 0.0112625 0.985881 -0.00931969 -0.0110815 0.999895 0.847242
0.999778 -0.0197531 0.00731447 68.2501 0.0196586 0.999725 0.0127793 1.01334 -0.00756489 -0.0126327 0.999892 0.852837
0.999776 -0.0198463 0.00737564 69.4466 0.0197344 0.999694 0.0149471 1.04192 -0.00767003 -0.0147982 0.999861 0.86182
0.999776 -0.0197867 0.00754873 70.6399 0.019658 0.999666 0.0167619 1.06964 -0.00787788 -0.0166098 0.999831 0.870694
0.999776 -0.0196044 0.00798253 71.8297 0.0194546 0.999641 0.018425 1.09688 -0.00834087 -0.0182655 0.999798 0.880002
0.999786 -0.0186505 0.00892409 73.0158 0.0184797 0.999652 0.0188483 1.12171 -0.00927251 -0.0186794 0.999783 0.891005
0.999817 -0.0166055 0.00954758 74.2011 0.0164067 0.999654 0.0205373 1.14592 -0.00988532 -0.0203769 0.999743 0.901326
0.999864 -0.0139272 0.00886697 75.3786 0.0137485 0.999707 0.019902 1.16094 -0.00914155 -0.0197774 0.999763 0.910342
0.999928 -0.0114706 0.00341292 76.5529 0.0114133 0.999801 0.0163534 1.1681 -0.00359982 -0.0163132 0.99986 0.916462
0.999958 -0.00902768 0.00172775 77.7278 0.00899728 0.999817 0.0168608 1.1765 -0.00187965 -0.0168446 0.999856 0.926023
0.999964 -0.00623777 0.0056986 78.9066 0.00614465 0.99985 0.0162141 1.18226 -0.00579888 -0.0161786 0.999852 0.942394
0.999965 -0.00302476 0.00774546 80.0808 0.00289777 0.999862 0.0163539 1.18427 -0.00779386 -0.0163309 0.999836 0.9561
0.999984 0.000931376 0.00563962 81.2469 -0.00102625 0.999858 0.0168431 1.18499 -0.00562313 -0.0168486 0.999842 0.965954
0.999985 0.0045443 0.00311098 82.4176 -0.00459328 0.999863 0.0159245 1.17789 -0.00303819 -0.0159386 0.999868 0.975336
0.999967 0.00808916 -0.000766238 83.5826 -0.00807721 0.999862 0.014494 1.16544 0.000883376 -0.0144873 0.999895 0.988271
0.999932 0.0114855 -0.00189466 84.7483 -0.0114587 0.999842 0.0136099 1.15008 0.00205068 -0.0135873 0.999906 1.00312
0.999884 0.0152029 0.000137978 85.896 -0.0152034 0.999794 0.0134476 1.13116 6.6493e-05 -0.0134481 0.99991 1.02241
0.999817 0.019103 0.00120791 87.0382 -0.0191186 0.999711 0.0145794 1.10867 -0.000929048 -0.0145999 0.999893 1.04066
0.999738 0.0228757 -0.000954401 88.1787 -0.0228598 0.999636 0.0142935 1.07981 0.00128103 -0.014268 0.999897 1.05885
0.999651 0.0261826 -0.0034629 89.3321 -0.0261318 0.999561 0.0139728 1.04973 0.00382722 -0.0138774 0.999896 1.07593
0.999559 0.02944 -0.003784 90.4861 -0.0293841 0.999469 0.0140556 1.01622 0.00419579 -0.0139382 0.999894 1.09522
0.999475 0.0323018 -0.00253226 91.6434 -0.0322672 0.999399 0.0126972 0.977787 0.00294088 -0.0126088 0.999916 1.11524
0.999383 0.0350961 -0.00120447 92.7948 -0.0350792 0.999313 0.0119327 0.930827 0.00162243 -0.011883 0.999928 1.13245
0.999285 0.0377969 0.000638517 93.9473 -0.0378016 0.999224 0.0111033 0.880473 -0.000218351 -0.0111195 0.999938 1.14872
0.999192 0.0401593 0.00181333 95.1067 -0.0401755 0.999142 0.0100206 0.831503 -0.00140936 -0.0100853 0.999948 1.16464
0.9991 0.0424206 -0.000359652 96.2632 -0.0424158 0.999061 0.00877775 0.780303 0.000731672 -0.00875459 0.999961 1.1795
0.998995 0.0446454 -0.0039746 97.4245 -0.0446153 0.998977 0.00736624 0.724841 0.00429941 -0.0071815 0.999965 1.19468
0.998883 0.0467221 -0.00706766 98.5845 -0.0466672 0.99888 0.00774095 0.667911 0.00742142 -0.00740247 0.999945 1.21322
0.998798 0.0483457 -0.00804744 99.753 -0.0482822 0.998802 0.00790569 0.608391 0.00842 -0.00750764 0.999936 1.23506
0.998774 0.0489374 -0.00739559 100.929 -0.0488783 0.998773 0.00797512 0.548791 0.00777679 -0.00760386 0.999941 1.25847
0.998824 0.0481789 -0.00542271 102.11 -0.0481337 0.998807 0.00817881 0.488467 0.00581029 -0.00790818 0.999952 1.28125
0.998897 0.0468025 -0.00388463 103.295 -0.0467725 0.998877 0.00749911 0.427866 0.00423124 -0.00730914 0.999964 1.30342
0.998992 0.0447699 -0.00324166 104.486 -0.0447434 0.998968 0.00782842 0.368751 0.00358879 -0.00767548 0.999964 1.32612
0.999102 0.042284 -0.00265449 105.685 -0.0422615 0.999074 0.00802109 0.313829 0.0029912 -0.0079017 0.999964 1.34725
0.999229 0.0391637 -0.00266494 106.884 -0.0391397 0.999197 0.0085446 0.26214 0.00299743 -0.00843371 0.99996 1.36854
0.999368 0.0354282 -0.00301396 108.088 -0.0353962 0.999323 0.0100665 0.215088 0.00336856 -0.00995347 0.999945 1.39014
0.999499 0.031524 -0.00288729 109.294 -0.0314928 0.999451 0.0102687 0.17054 0.00320942 -0.0101726 0.999943 1.41216
0.999621 0.0274538 -0.00181771 110.507 -0.0274322 0.999563 0.0109751 0.130198 0.00211823 -0.0109211 0.999938 1.43563
0.999732 0.0231104 -0.00102693 111.721 -0.0230974 0.999671 0.0111779 0.0943814 0.00128491 -0.0111511 0.999937 1.45695
0.999827 0.0186144 -0.000310751 112.936 -0.0186097 0.999762 0.0113485 0.0632266 0.000521922 -0.0113407 0.999936 1.47717
0.999905 0.0137579 -0.000148781 114.153 -0.0137552 0.999836 0.0117462 0.0389859 0.00031036 -0.011743 0.999931 1.49622
0.999961 0.00880917 -0.00014501 115.374 -0.00880666 0.999882 0.0125538 0.0235829 0.000255582 -0.012552 0.999921 1.5152
0.999992 0.00384673 -0.000454672 116.597 -0.00384047 0.999908 0.0130462 0.0128908 0.000504815 -0.0130443 0.999915 1.53541
0.999999 -0.000805394 -0.00107641 117.823 0.000820291 0.999903 0.0139111 0.00830227 0.0010651 -0.013912 0.999903 1.55722
0.999989 -0.00453206 -0.00139815 119.052 0.00455346 0.999866 0.0157013 0.0116793 0.00132681 -0.0157075 0.999876 1.57733
0.999977 -0.00668139 -0.00123546 120.283 0.00670256 0.999815 0.0180101 0.0200838 0.0011149 -0.018018 0.999837 1.5973
0.99997 -0.00761029 -0.00153759 121.513 0.00763804 0.999792 0.0189326 0.0287161 0.00139318 -0.0189438 0.99982 1.61856
0.999962 -0.00866456 -0.00114992 122.754 0.00868684 0.999741 0.0210337 0.0410073 0.000967376 -0.0210429 0.999778 1.63794
0.999954 -0.00964278 -4.22934e-06 123.995 0.00964045 0.999702 0.0224172 0.0536641 -0.000211936 -0.0224162 0.999749 1.65724
0.999946 -0.0103636 6.3273e-06 125.236 0.0103608 0.999694 0.0224559 0.0653747 -0.000239048 -0.0224546 0.999748 1.67709
0.999935 -0.0112413 0.00172607 126.482 0.0111932 0.999606 0.0257269 0.0836256 -0.0020146 -0.0257059 0.999668 1.69271
0.999918 -0.0118864 0.00469358 127.732 0.0117537 0.999557 0.0273579 0.101258 -0.00501668 -0.0273005 0.999615 1.70763
0.999907 -0.0126404 0.0051721 128.983 0.0125003 0.999576 0.0262857 0.114657 -0.00550217 -0.0262186 0.999641 1.71783
0.999909 -0.0131138 0.00323545 130.234 0.0130255 0.999578 0.0259476 0.128276 -0.00357436 -0.0259031 0.999658 1.72606
0.999896 -0.0138539 0.00393219 131.49 0.0137591 0.999637 0.0231834 0.138492 -0.00425194 -0.0231269 0.999723 1.73637
0.999872 -0.0148925 0.00585599 132.747 0.0147677 0.999674 0.0208062 0.150276 -0.00616394 -0.020717 0.999766 1.746
0.999855 -0.0151864 0.00770316 134.009 0.0150458 0.999725 0.0179948 0.164934 -0.00797431 -0.0178763 0.999808 1.75352
0.999835 -0.0154838 0.00950417 135.272 0.0153284 0.999751 0.0162105 0.180432 -0.00975281 -0.0160622 0.999823 1.75931
0.999854 -0.0153179 0.00751392 136.536 0.0152289 0.999815 0.0117642 0.19072 -0.00769273 -0.0116481 0.999903 1.76497
0.999866 -0.0153151 0.00578045 137.804 0.0152625 0.999843 0.00903478 0.200273 -0.00591791 -0.00894535 0.999942 1.77278
0.999869 -0.0151526 0.0057157 139.071 0.0151102 0.999859 0.00738149 0.211818 -0.00582674 -0.00729415 0.999956 1.78251
0.99987 -0.014941 0.00609251 140.346 0.0148966 0.999863 0.00726912 0.227293 -0.00620028 -0.00717741 0.999955 1.79331
0.999866 -0.0143393 0.00786497 141.623 0.0142797 0.999869 0.00758063 0.246484 -0.00797264 -0.0074673 0.99994 1.80378
0.999859 -0.0137496 0.0096021 142.899 0.0136522 0.999855 0.0101402 0.268512 -0.00974014 -0.0100077 0.999902 1.81345
0.999874 -0.0131959 0.00882388 144.173 0.0131062 0.999863 0.0101497 0.287167 -0.0089566 -0.0100328 0.99991 1.82166
0.999899 -0.0127515 0.00622887 145.442 0.0126863 0.999865 0.0104067 0.303849 -0.00636073 -0.0103266 0.999926 1.8269
0.999916 -0.0123011 0.0041523 146.71 0.0122568 0.99987 0.01052 0.320658 -0.00428117 -0.0104682 0.999936 1.83596
0.999928 -0.0119846 1.0449e-05 147.974 0.011984 0.999886 0.00919091 0.334507 -0.000120597 -0.00919013 0.999958 1.84892
0.99993 -0.0112837 -0.00353221 149.24 0.0113162 0.999893 0.00931662 0.3445 0.00342671 -0.00935594 0.99995 1.86696
0.999928 -0.0110189 -0.00469227 150.505 0.0110613 0.999897 0.00911238 0.353348 0.00459138 -0.00916363 0.999947 1.89069
0.999929 -0.0111056 -0.00432959 151.768 0.0111441 0.999898 0.00898043 0.360796 0.00422941 -0.00902805 0.99995 1.91817
0.999932 -0.0109908 -0.00394782 153.039 0.0110284 0.999893 0.00964031 0.376942 0.00384144 -0.00968319 0.999946 1.94195
0.999934 -0.0111641 -0.00269545 154.304 0.0111917 0.999883 0.0104653 0.392559 0.0025783 -0.0104948 0.999942 1.96525
0.999934 -0.0113306 -0.00208575 155.571 0.0113528 0.999876 0.0109472 0.410076 0.00196145 -0.0109702 0.999938 1.98578
0.999928 -0.0117671 -0.00229198 156.836 0.0117921 0.999867 0.0112255 0.42582 0.00215958 -0.0112517 0.999934 2.00554
0.999921 -0.0124148 -0.00205894 158.095 0.0124378 0.999856 0.0115804 0.439409 0.00191488 -0.0116051 0.999931 2.02478
0.999913 -0.0131526 -0.000889581 159.357 0.0131616 0.999852 0.0110582 0.452013 0.000744006 -0.0110689 0.999938 2.04502
0.999903 -0.0138958 -0.000520518 160.616 0.013901 0.999832 0.0119636 0.467154 0.000354186 -0.0119697 0.999928 2.06529
0.999895 -0.0144356 -0.00149694 161.88 0.0144529 0.99982 0.0122659 0.485077 0.0013196 -0.0122862 0.999924 2.08506
0.999881 -0.0151858 -0.00263586 163.146 0.0152182 0.999803 0.0127263 0.50447 0.00244208 -0.0127649 0.999916 2.10396
0.999872 -0.0157513 -0.00266154 164.414 0.015786 0.999783 0.0135808 0.525663 0.00244705 -0.013621 0.999904 2.12507
0.999861 -0.0163459 -0.00336793 165.68 0.0163893 0.999777 0.0132795 0.545608 0.00315012 -0.0133328 0.999906 2.14773
0.999843 -0.0171011 -0.0045953 166.941 0.017162 0.999761 0.0135725 0.564732 0.0043621 -0.0136493 0.999897 2.16977
0.999833 -0.0177133 -0.00445836 168.202 0.0177732 0.999747 0.013785 0.58422 0.00421305 -0.013862 0.999895 2.19218
0.999825 -0.0184774 -0.00306182 169.466 0.018519 0.999728 0.0141685 0.605208 0.0027992 -0.0142227 0.999895 2.21589
0.999811 -0.0192453 -0.00257391 170.727 0.0192801 0.999712 0.0142631 0.628104 0.00229867 -0.01431 0.999895 2.23968
0.999799 -0.01992 -0.00224248 171.991 0.0199507 0.999694 0.0146487 0.652145 0.00194999 -0.0146905 0.99989 2.26196
0.999784 -0.0206852 -0.0018438 173.253 0.0207108 0.999671 0.0151085 0.677241 0.00153067 -0.0151434 0.999884 2.28357
0.999769 -0.0213334 -0.00267056 174.517 0.0213719 0.999655 0.0152934 0.704211 0.00234338 -0.015347 0.999879 2.30568
0.999756 -0.0218213 -0.0033897 175.777 0.0218737 0.999628 0.0163012 0.731569 0.00303273 -0.0163714 0.999861 2.32773
0.999747 -0.0222924 -0.00289687 177.045 0.0223372 0.999615 0.0164777 0.758207 0.00252843 -0.0165382 0.99986 2.35153
0.999736 -0.022662 -0.0038001 178.308 0.0227213 0.999608 0.0163765 0.785094 0.00342749 -0.0164585 0.999859 2.37582
0.999726 -0.0227268 -0.00564686 179.568 0.0228092 0.999628 0.0149852 0.810268 0.00530419 -0.0151099 0.999872 2.39756
0.999721 -0.0230215 -0.005258 180.83 0.023083 0.999662 0.0119524 0.834612 0.00498106 -0.0120704 0.999915 2.41974
0.999725 -0.0233748 -0.0020437 182.092 0.0233973 0.999657 0.0118083 0.860825 0.00176698 -0.0118529 0.999928 2.44138
0.999718 -0.0235483 0.00312218 183.358 0.0235107 0.999657 0.0115638 0.887654 -0.00339341 -0.0114871 0.999928 2.46344
0.999716 -0.023722 0.00236559 184.615 0.0236923 0.999649 0.0118814 0.916058 -0.00264661 -0.011822 0.999927 2.48055
0.999726 -0.023416 -0.000716728 185.865 0.0234235 0.999634 0.0135288 0.945906 0.000399676 -0.0135418 0.999908 2.49755
0.999716 -0.0236457 -0.00294987 187.116 0.0236843 0.999624 0.0138154 0.974769 0.00262209 -0.0138813 0.9999 2.51663
0.999713 -0.0237864 -0.00287119 188.363 0.0238228 0.999626 0.0133926 1.00143 0.00255156 -0.0134572 0.999906 2.53865
0.999718 -0.0237027 -0.00124233 189.611 0.0237172 0.999628 0.0134339 1.02887 0.000923454 -0.0134596 0.999909 2.5601
0.999723 -0.0235409 0.000730482 190.858 0.0235289 0.999632 0.0135323 1.05594 -0.00104878 -0.0135114 0.999908 2.58168
0.999734 -0.022999 0.00170519 192.094 0.0229753 0.999653 0.0128466 1.08225 -0.00200005 -0.012804 0.999916 2.60169
0.999764 -0.0216958 0.00124385 193.326 0.0216781 0.999683 0.0127956 1.10736 -0.00152106 -0.0127656 0.999917 2.62165
0.999794 -0.0203021 -0.000435034 194.554 0.0203057 0.99973 0.0113223 1.12904 0.000205051 -0.0113288 0.999936 2.64082
0.999817 -0.0190419 -0.00188369 195.784 0.019062 0.999755 0.0112734 1.14911 0.00166856 -0.0113072 0.999935 2.66626
0.99984 -0.0176758 -0.0026838 197.008 0.0177027 0.999789 0.0103781 1.16604 0.0024998 -0.0104239 0.999943 2.69305
0.999863 -0.0164436 -0.00179597 198.229 0.0164616 0.999809 0.0105127 1.18308 0.00162276 -0.0105409 0.999943 2.72004
0.999886 -0.0150719 0.00026935 199.446 0.0150684 0.999834 0.0102006 1.1982 -0.000423048 -0.0101954 0.999948 2.74587
0.999904 -0.0138721 0.000678574 200.651 0.0138639 0.999844 0.0109307 1.21162 -0.0008301 -0.0109202 0.99994 2.76865
0.999919 -0.0127396 0.000487914 201.85 0.0127336 0.999861 0.0107524 1.22286 -0.000624827 -0.0107453 0.999942 2.78973
0.999931 -0.0117219 0.000782568 203.043 0.0117125 0.999869 0.0111659 1.23277 -0.000913351 -0.011156 0.999937 2.81035
0.999943 -0.0106368 0.00120061 204.23 0.0106224 0.999878 0.0114805 1.24063 -0.00132258 -0.0114671 0.999933 2.83211
0.999951 -0.00989605 0.000849182 205.409 0.00988562 0.999885 0.0115219 1.24798 -0.000963105 -0.011513 0.999933 2.85097
0.999959 -0.0090399 0.000943881 206.579 0.00902833 0.999892 0.0116216 1.25496 -0.00104884 -0.0116126 0.999932 2.87045
0.999964 -0.00844906 0.00113176 207.735 0.00843674 0.999909 0.0104801 1.25926 -0.0012202 -0.0104702 0.999944 2.8909
0.999965 -0.0082236 0.0017325 208.878 0.00820524 0.999913 0.0103506 1.26381 -0.00181747 -0.010336 0.999945 2.91094
0.999959 -0.00854508 0.00312724 210.007 0.00851372 0.999915 0.00990772 1.26832 -0.00321163 -0.00988068 0.999946 2.93145
0.999953 -0.00923646 0.00310038 211.119 0.00920446 0.999906 0.0101827 1.27585 -0.00319414 -0.0101537 0.999943 2.94954
0.999952 -0.00955256 0.00217357 212.215 0.00952949 0.999901 0.0103899 1.28455 -0.00227261 -0.0103687 0.999944 2.96665
0.99995 -0.00994439 0.00132874 213.299 0.00992972 0.999894 0.0106234 1.29428 -0.00143424 -0.0106097 0.999943 2.98352
0.999944 -0.0104755 0.00117646 214.369 0.0104626 0.99989 0.0104838 1.30343 -0.00128615 -0.0104709 0.999944 3.00108
0.999932 -0.0115732 0.00127955 215.428 0.01156 0.999885 0.00985083 1.31305 -0.00139341 -0.00983538 0.999951 3.01885
0.999911 -0.0131632 0.00205621 216.473 0.0131431 0.999869 0.00947649 1.32163 -0.00218068 -0.00944862 0.999953 3.03855
0.999879 -0.0151606 0.003554 217.512 0.0151302 0.99985 0.00842703 1.33043 -0.00368122 -0.00837223 0.999958 3.05727
0.999831 -0.0174424 0.00575626 218.537 0.0173922 0.999811 0.00865802 1.34323 -0.00590619 -0.00855645 0.999946 3.07477
0.999789 -0.0197031 0.00586587 219.54 0.0196509 0.999768 0.00881768 1.36049 -0.00603825 -0.00870055 0.999944 3.09079
0.999735 -0.0224045 0.00521994 220.524 0.0223562 0.999708 0.00913794 1.38072 -0.00542315 -0.00901882 0.999945 3.10386
0.999669 -0.0251684 0.00526256 221.49 0.0251195 0.999642 0.00916256 1.40167 -0.00549128 -0.00902734 0.999944 3.11769
0.999588 -0.0280741 0.00592178 222.432 0.028016 0.999561 0.00967866 1.4254 -0.00619089 -0.00950877 0.999936 3.13341
0.999501 -0.0310597 0.00582821 223.353 0.0310007 0.99947 0.00996261 1.45209 -0.00613455 -0.00977696 0.999933 3.14932
0.999405 -0.0341037 0.00508557 224.249 0.0340525 0.999372 0.00983535 1.48044 -0.0054178 -0.00965632 0.999939 3.16402
0.999293 -0.0373132 0.00457368 225.123 0.0372682 0.99926 0.00955401 1.51033 -0.00492679 -0.0093768 0.999944 3.17881
0.999174 -0.040417 0.00428629 225.977 0.0403693 0.999128 0.0106781 1.54432 -0.00471413 -0.0104963 0.999934 3.19465
0.999053 -0.0433725 0.00338967 226.806 0.0433331 0.999001 0.0109413 1.57561 -0.00386083 -0.0107841 0.999934 3.21056
0.998947 -0.0457448 0.00341949 227.619 0.0456974 0.998873 0.0128588 1.61041 -0.00400386 -0.012689 0.999911 3.22443
0.998908 -0.0465934 0.0035819 228.413 0.0465405 0.998823 0.0136567 1.64361 -0.004214 -0.0134751 0.9999 3.2379
0.998912 -0.0463898 0.00472452 229.19 0.0463211 0.998832 0.0137331 1.67674 -0.00535608 -0.0134993 0.999895 3.25279
0.998931 -0.0459014 0.00555223 229.947 0.0458209 0.998854 0.0138427 1.70793 -0.00618127 -0.0135735 0.999889 3.26781
0.998948 -0.0455855 0.0049974 230.687 0.0455137 0.99887 0.0136567 1.73799 -0.0056143 -0.0134149 0.999894 3.28169
0.998971 -0.0452474 0.0030599 231.417 0.0451998 0.998878 0.0141439 1.76854 -0.00369644 -0.013991 0.999895 3.29349
0.999013 -0.0444004 0.00090512 232.144 0.0443831 0.998914 0.0141818 1.79741 -0.00153382 -0.0141277 0.999899 3.30577
0.999063 -0.0432803 -0.000487459 232.867 0.0432829 0.998962 0.014216 1.82563 -0.000128321 -0.0142238 0.999899 3.31845
0.999124 -0.041842 -0.00100745 233.59 0.0418524 0.999012 0.0149542 1.85312 0.000380738 -0.0149833 0.999888 3.33225
0.999191 -0.0401872 -0.00124655 234.308 0.040201 0.999088 0.0144018 1.87747 0.000666642 -0.0144403 0.999896 3.34599
0.999262 -0.0383963 -0.00123732 235.023 0.03841 0.999161 0.0142343 1.90046 0.000689734 -0.0142713 0.999898 3.35993
0.99934 -0.0363127 -0.00127638 235.735 0.0363273 0.999237 0.0143343 1.92549 0.000754884 -0.0143712 0.999896 3.37224
0.999415 -0.0341618 -0.00151747 236.442 0.0341798 0.999316 0.0141033 1.94782 0.00103464 -0.0141469 0.999899 3.38429
0.999511 -0.0312462 -0.00122521 237.147 0.0312605 0.99941 0.0142449 1.96907 0.000779387 -0.0142762 0.999898 3.39516
0.999608 -0.0279896 -0.000622839 237.848 0.0279954 0.999519 0.013359 1.98617 0.000248625 -0.0133712 0.999911 3.406
0.999686 -0.0250496 -8.50526e-05 238.545 0.0250488 0.99961 0.0123435 2.00019 -0.000224181 -0.0123418 0.999924 3.41914
0.999757 -0.0220209 0.000185269 239.236 0.0220171 0.999685 0.0120825 2.01192 -0.000451278 -0.0120755 0.999927 3.43307
0.999819 -0.019027 -4.48354e-05 239.923 0.0190262 0.99975 0.0117097 2.02171 -0.000177976 -0.0117085 0.999931 3.44694
0.99987 -0.0161155 -0.000439198 240.609 0.0161194 0.999804 0.0115096 2.02942 0.00025363 -0.0115152 0.999934 3.4589
0.999913 -0.0131321 -0.00131062 241.296 0.0131475 0.999836 0.0124884 2.03679 0.00114641 -0.0125046 0.999921 3.47097
0.999947 -0.0101441 -0.00194832 241.986 0.0101675 0.999871 0.0124178 2.04355 0.0018221 -0.012437 0.999921 3.48314
0.999974 -0.0071926 -0.00100622 242.679 0.00720458 0.999896 0.0124609 2.04809 0.000916485 -0.0124679 0.999922 3.49473
0.99999 -0.00450845 -0.000313064 243.378 0.00451214 0.999906 0.0129827 2.05353 0.000254503 -0.012984 0.999916 3.50596
0.999998 -0.00206646 -0.000455098 244.078 0.00207209 0.999917 0.0127247 2.05589 0.000428765 -0.0127256 0.999919 3.51689
0.999999 0.000386953 -0.00164663 244.778 -0.000366225 0.999921 0.0125701 2.05721 0.00165137 -0.0125695 0.99992 3.52735
0.999989 0.00215522 -0.00419417 245.492 -0.00210136 0.999916 0.0128025 2.05703 0.00422141 -0.0127936 0.999909 3.53535
0.999979 0.00314827 -0.00571801 246.213 -0.00307882 0.999922 0.0121141 2.05571 0.00575571 -0.0120962 0.99991 3.54341
0.999973 0.00336993 -0.00654199 246.941 -0.00329076 0.999922 0.0120744 2.05332 0.00658217 -0.0120526 0.999906 3.55448
0.999971 0.00358287 -0.00677025 247.675 -0.00350589 0.999929 0.0113485 2.05101 0.00681044 -0.0113244 0.999913 3.56767
0.999969 0.00380229 -0.00695073 248.415 -0.00371665 0.999918 0.0122934 2.05029 0.0069969 -0.0122672 0.9999 3.58118
0.999962 0.00416785 -0.00765391 249.163 -0.00406685 0.999905 0.0131642 2.05002 0.00770805 -0.0131325 0.999884 3.59588
0.999944 0.00442952 -0.00965359 249.904 -0.00430901 0.999913 0.0124685 2.04761 0.00970798 -0.0124262 0.999876 3.60785
0.999922 0.00485239 -0.0115057 250.652 -0.00475262 0.999951 0.00868349 2.04071 0.0115473 -0.00862813 0.999896 3.62062
0.999908 0.00521535 -0.0125293 251.408 -0.0051485 0.999972 0.00536171 2.03321 0.0125569 -0.00529671 0.999907 3.63118
0.999938 0.00581507 -0.00950684 252.178 -0.00574923 0.999959 0.00693819 2.03245 0.0095468 -0.0068831 0.999931 3.6417
0.999974 0.00632262 -0.00337513 252.961 -0.00628403 0.999916 0.011326 2.03596 0.00344646 -0.0113045 0.99993 3.65868
0.999974 0.00704449 0.00135411 253.747 -0.00705908 0.999914 0.0110866 2.03164 -0.0012759 -0.0110959 0.999938 3.67332
0.99996 0.00890138 -0.000528867 254.54 -0.00889586 0.999914 0.0096564 2.02141 0.000614777 -0.00965131 0.999953 3.68433
0.999894 0.01287 -0.00680781 255.333 -0.0127957 0.999859 0.0108502 2.01511 0.00694649 -0.0107619 0.999918 3.69054
0.999794 0.0168718 -0.0113248 256.142 -0.0167243 0.999776 0.0129968 2.00795 0.0115415 -0.0128047 0.999851 3.69951
0.999736 0.0200856 -0.0111346 256.962 -0.0199239 0.999697 0.0144509 1.99539 0.0114215 -0.0142252 0.999834 3.71258
0.999692 0.023314 -0.00855488 257.793 -0.0232009 0.999645 0.0130894 1.97622 0.00885701 -0.0128868 0.999878 3.72864
0.999641 0.0262247 -0.00545886 258.63 -0.026169 0.999607 0.0100283 1.95168 0.00571971 -0.00988184 0.999935 3.74458
0.999575 0.0289147 -0.00371886 259.468 -0.0288859 0.999554 0.0075856 1.92423 0.00393654 -0.00747495 0.999964 3.75843
0.99948 0.0320956 -0.00314879 260.307 -0.0320716 0.999458 0.00741048 1.89827 0.00338492 -0.00730564 0.999968 3.77393
0.999386 0.0346736 -0.00505652 261.142 -0.0346234 0.999353 0.00969888 1.87233 0.00538954 -0.00951785 0.99994 3.79052
0.999286 0.0370632 -0.00734928 261.979 -0.0369873 0.999264 0.0102062 1.84104 0.00772214 -0.00992711 0.999921 3.80588
0.999184 0.0396277 -0.00774623 262.817 -0.0395446 0.999162 0.0105986 1.8072 0.00815973 -0.0102836 0.999914 3.82188
0.999081 0.0424789 -0.00577025 263.658 -0.0424101 0.999033 0.0115649 1.77299 0.00625594 -0.0113095 0.999916 3.84132
0.998948 0.0457061 -0.00373527 264.5 -0.0456534 0.998871 0.0131507 1.73837 0.00433212 -0.0129663 0.999907 3.86133
0.99882 0.0484257 -0.00363981 265.338 -0.0483714 0.998735 0.0137627 1.69939 0.00430167 -0.0135704 0.999899 3.87904
0.998682 0.0511304 -0.00442138 266.179 -0.0510659 0.998602 0.013642 1.655 0.00511272 -0.0133983 0.999897 3.89521
0.998542 0.0537664 -0.00487395 267.02 -0.0537044 0.998484 0.0120498 1.60467 0.00551444 -0.0117704 0.999916 3.91134
0.998443 0.0556054 -0.0044929 267.863 -0.0555631 0.998414 0.00904315 1.55271 0.00498862 -0.00877943 0.999949 3.92623
0.99839 0.0565404 -0.00447879 268.709 -0.0565054 0.998374 0.00757201 1.49942 0.00489963 -0.00730675 0.999961 3.94128
0.998358 0.0571039 -0.00452428 269.556 -0.0570721 0.998346 0.00687148 1.44947 0.00490919 -0.00660198 0.999966 3.95905
0.99833 0.0575978 -0.00443062 270.408 -0.057567 0.998318 0.00680168 1.39885 0.00481493 -0.00653527 0.999967 3.97715
0.998335 0.0575525 -0.00396978 271.261 -0.0575246 0.998321 0.00682238 1.34846 0.00435576 -0.00658266 0.999969 3.99446
0.99837 0.0569858 -0.00329903 272.116 -0.0569601 0.998349 0.00741315 1.29982 0.00371603 -0.00721315 0.999967 4.01389
0.998432 0.0558325 -0.00406787 272.973 -0.0558028 0.998417 0.0070731 1.25135 0.00445633 -0.00683501 0.999967 4.03224
0.998517 0.0542124 -0.00493089 273.828 -0.054176 0.998505 0.0072222 1.2068 0.00531506 -0.00694436 0.999962 4.04833
0.998601 0.052554 -0.00584592 274.687 -0.0525063 0.998588 0.00803037 1.16408 0.00625969 -0.00771219 0.999951 4.06478
0.998677 0.0510913 -0.0058901 275.542 -0.0510363 0.998655 0.00914388 1.12167 0.00634935 -0.00883117 0.999941 4.08138
0.998758 0.0494672 -0.00594221 276.396 -0.0494044 0.998726 0.0102866 1.08141 0.00644349 -0.00998021 0.999929 4.09937
0.99887 0.0472182 -0.00548761 277.245 -0.0471566 0.998828 0.0108669 1.04129 0.0059943 -0.0105959 0.999926 4.11697
0.999005 0.0444241 -0.00405336 278.092 -0.0443783 0.998957 0.0107702 1.00312 0.00452759 -0.0105796 0.999934 4.13492
0.999188 0.040262 -0.00181116 278.937 -0.0402431 0.999145 0.0094558 0.96661 0.00219032 -0.00937523 0.999954 4.15249
0.999371 0.0354737 0.000149674 279.775 -0.0354737 0.999336 0.00833432 0.934161 0.000146075 -0.00833438 0.999965 4.16927
0.99953 0.0306096 0.00150689 280.608 -0.0306204 0.999501 0.00773957 0.909466 -0.00126923 -0.00778207 0.999969 4.18115
0.999665 0.0257924 0.00205177 281.429 -0.0258066 0.999641 0.00721951 0.889474 -0.00186482 -0.00727004 0.999972 4.19128
0.999772 0.0211879 0.00268839 282.242 -0.0212053 0.999753 0.00663159 0.87225 -0.00254722 -0.00668708 0.999974 4.20062
0.99986 0.0164628 0.00282365 283.042 -0.0164782 0.999849 0.00552164 0.858038 -0.00273232 -0.0055674 0.999981 4.20996
0.999921 0.0123061 0.00245446 283.826 -0.0123183 0.999911 0.00502675 0.850001 -0.00239238 -0.00505659 0.999984 4.21868
0.999962 0.00836915 0.00232574 284.597 -0.00838168 0.99995 0.0054329 0.848117 -0.00228015 -0.00545219 0.999983 4.22827
0.999987 0.00458126 0.00237618 285.35 -0.00459485 0.999973 0.00574462 0.850172 -0.0023498 -0.00575546 0.999981 4.23839
0.999997 0.000850377 0.00249964 286.083 -0.000864052 0.999985 0.00547487 0.852587 -0.00249494 -0.00547701 0.999982 4.25001
0.999993 -0.0032669 0.00173468 286.795 0.00325893 0.999984 0.00458071 0.856991 -0.00174961 -0.00457502 0.999988 4.26227
0.999967 -0.00810935 0.000307095 287.487 0.00810746 0.999951 0.00570457 0.868053 -0.00035334 -0.0057019 0.999984 4.27473
0.999894 -0.0144629 -0.00165878 288.146 0.0144747 0.999869 0.00729077 0.883728 0.00155311 -0.007314 0.999972 4.28669
0.999737 -0.0226619 -0.00355977 288.788 0.0226901 0.99971 0.00810325 0.903389 0.0033751 -0.00818189 0.999961 4.29791
0.999446 -0.0329552 -0.00468111 289.417 0.0329917 0.999424 0.00792998 0.927836 0.00441708 -0.00808002 0.999958 4.31114
0.998912 -0.0463534 -0.00512063 290.037 0.0463948 0.998889 0.00828508 0.961843 0.0047309 -0.00851363 0.999953 4.3256
0.998023 -0.0626979 -0.00446292 290.639 0.0627366 0.997988 0.0091384 1.00727 0.00388099 -0.00940032 0.999948 4.3384
0.996604 -0.0822477 -0.00408732 291.246 0.0822904 0.99654 0.0116664 1.06635 0.00311364 -0.0119632 0.999924 4.34999
0.994514 -0.104502 -0.00454544 291.827 0.104554 0.994432 0.0132018 1.13393 0.00314051 -0.0136047 0.999903 4.36025
0.991552 -0.129607 -0.00508553 292.405 0.129668 0.991452 0.0144612 1.21529 0.00316778 -0.0149985 0.999882 4.37145
0.987576 -0.157052 -0.00526685 292.969 0.157117 0.987453 0.0158106 1.3123 0.00271768 -0.0164417 0.999861 4.38172
0.982306 -0.187221 -0.00476416 293.505 0.187275 0.98216 0.016997 1.42495 0.00149699 -0.0175884 0.999844 4.39058
0.975357 -0.220604 -0.00341475 294.042 0.220631 0.975214 0.0167137 1.55296 -0.000357002 -0.0170552 0.999854 4.39875
0.966593 -0.256308 -0.00213632 294.56 0.256307 0.966452 0.0166657 1.69822 -0.00220691 -0.0166565 0.999859 4.41035
0.955983 -0.29342 -0.000464042 295.04 0.293381 0.955829 0.0178485 1.86029 -0.00479356 -0.017199 0.999841 4.42332
0.943311 -0.331909 0.000987322 295.524 0.33183 0.943143 0.0192283 2.04245 -0.00731325 -0.0178107 0.999815 4.43455
0.92851 -0.371301 0.00228879 295.965 0.371188 0.928348 0.0197134 2.23798 -0.0094444 -0.0174545 0.999803 4.44396
0.911435 -0.411428 0.00360651 296.419 0.411289 0.911298 0.0194465 2.45303 -0.0112874 -0.0162409 0.999804 4.44967
0.891645 -0.452715 0.00433264 296.859 0.452564 0.891531 0.0189396 2.68526 -0.0124369 -0.0149266 0.999811 4.45518
0.868945 -0.494881 0.00518229 297.249 0.494724 0.86886 0.0181914 2.93198 -0.0135052 -0.0132435 0.999821 4.46196
0.843315 -0.537379 0.00653003 297.657 0.537218 0.84327 0.0171033 3.1984 -0.0146975 -0.0109154 0.999832 4.46607
0.814558 -0.580027 0.00795312 298.048 0.579852 0.814545 0.0169583 3.48285 -0.0163144 -0.00920186 0.999825 4.47025
0.782879 -0.62213 0.00740347 298.376 0.621939 0.782855 0.0181651 3.78586 -0.0170969 -0.00961658 0.999808 4.47289
0.747892 -0.663774 0.00791739 298.727 0.663597 0.747896 0.0170382 4.10734 -0.0172309 -0.00748876 0.999823 4.47859
0.709166 -0.704957 0.010938 299.01 0.704786 0.709241 0.0159338 4.44045 -0.0189903 -0.00359071 0.999813 4.48224
0.665873 -0.745874 0.0169151 299.323 0.745732 0.666082 0.014772 4.79118 -0.0222849 0.0027779 0.999748 4.47988
0.618222 -0.785725 0.0209192 299.606 0.785618 0.618534 0.014853 5.15597 -0.0246096 0.00725203 0.999671 4.47729
0.567325 -0.823222 0.0211637 299.799 0.823059 0.567673 0.0178999 5.53316 -0.0267497 0.00726391 0.999616 4.47163
0.514613 -0.857244 0.0175186 300.013 0.856909 0.514904 0.0240851 5.92618 -0.0296672 0.00261737 0.999556 4.47279
0.459682 -0.88797 0.0141943 300.202 0.887521 0.459901 0.0282408 6.32325 -0.031605 -0.000384061 0.9995 4.46968
0.402754 -0.915223 0.0124465 300.308 0.914738 0.402946 0.0298152 6.71759 -0.0323029 -0.000622892 0.999478 4.46139
0.345012 -0.938514 0.0125953 300.447 0.93799 0.34524 0.0313615 7.11664 -0.0337816 0.00099423 0.999429 4.4526
0.286408 -0.958009 0.0137847 300.506 0.957411 0.286719 0.0340204 7.519 -0.0365441 0.00345389 0.999326 4.44355
0.227011 -0.97379 0.0141159 300.594 0.973083 0.227389 0.0374709 7.92727 -0.0396986 0.00522968 0.999198 4.43732
0.165076 -0.986167 0.0150112 300.657 0.985378 0.165557 0.0402594 8.34361 -0.0421877 0.00814579 0.999076 4.42883
0.10123 -0.994777 0.0130774 300.634 0.993854 0.101711 0.0436977 8.76681 -0.0447996 0.00857348 0.998959 4.41839
0.0363375 -0.99926 0.0125773 300.644 0.998143 0.036907 0.0484694 9.20539 -0.0488977 0.0107926 0.998745 4.40816
-0.0297095 -0.999496 0.011225 300.624 0.998083 -0.0290539 0.0546422 9.65099 -0.0542885 0.0128269 0.998443 4.39478
-0.0969452 -0.995243 0.00961596 300.515 0.993501 -0.0961876 0.0608543 10.1029 -0.0596399 0.015453 0.9981 4.37541
-0.163636 -0.986495 0.00708935 300.435 0.984403 -0.16281 0.0666592 10.5632 -0.0646047 0.0178866 0.997751 4.35934
-0.229281 -0.973344 0.0056873 300.262 0.970912 -0.228286 0.0722227 11.0236 -0.0689992 0.0220812 0.997372 4.33679
-0.293509 -0.955946 0.0044596 300.118 0.953265 -0.292329 0.076357 11.4897 -0.0716895 0.0266626 0.997071 4.31499
-0.355229 -0.934774 0.00309568 299.941 0.931981 -0.353907 0.0784887 11.9541 -0.0722736 0.0307666 0.99691 4.29059
-0.414512 -0.910041 0.00215618 299.67 0.907268 -0.413062 0.0790295 12.414 -0.0710294 0.0347149 0.99687 4.26388
-0.470107 -0.882609 0.000680539 299.421 0.879889 -0.468598 0.0788095 12.876 -0.0692391 0.0376477 0.996889 4.23245
-0.522013 -0.852937 -0.000953385 299.087 0.850253 -0.520458 0.078702 13.3357 -0.067624 0.0402728 0.996898 4.19842
-0.568561 -0.822636 -0.00287208 298.762 0.819962 -0.566988 0.0786606 13.7971 -0.0663375 0.0423684 0.996897 4.16338
-0.609582 -0.792703 -0.00566859 298.397 0.789942 -0.608027 0.0793381 14.2609 -0.0663382 0.0438852 0.996832 4.13209
-0.647146 -0.762337 -0.00673347 297.968 0.759393 -0.645376 0.0825334 14.7253 -0.0672639 0.0482978 0.996566 4.09656
-0.684338 -0.729142 -0.0057097 297.539 0.7259 -0.681994 0.0891772 15.193 -0.0689169 0.0568827 0.995999 4.06177
-0.720388 -0.69354 -0.0066089 297.036 0.689972 -0.717587 0.0949141 15.6529 -0.0705691 0.0638151 0.995464 4.02099
-0.753493 -0.657403 -0.00838429 296.522 0.653717 -0.750504 0.0969398 16.0995 -0.0700209 0.0675625 0.995255 3.9812
-0.783809 -0.620932 -0.00934307 295.941 0.617545 -0.780942 0.0936335 16.5311 -0.0654364 0.067621 0.995563 3.9408
-0.811344 -0.584517 -0.0077611 295.351 0.581547 -0.808428 0.0908125 16.951 -0.0593557 0.0691668 0.995838 3.89835
-0.836274 -0.548268 -0.00690598 294.722 0.545758 -0.833527 0.0859156 17.3582 -0.0528611 0.06808 0.996278 3.85363
-0.858948 -0.512036 -0.00515932 294.033 0.509898 -0.856199 0.0832317 17.7534 -0.0470351 0.068861 0.996517 3.8131
-0.879504 -0.475833 -0.00741894 293.327 0.473735 -0.876896 0.0814131 18.1335 -0.0452447 0.0680885 0.996653 3.77802
-0.898894 -0.438055 -0.00986839 292.561 0.436045 -0.896528 0.0781171 18.4892 -0.0430669 0.0659159 0.996895 3.74801
-0.916497 -0.399905 -0.0103964 291.784 0.39799 -0.91412 0.0773842 18.8282 -0.0404499 0.0667848 0.996947 3.71681
-0.932531 -0.360917 -0.0111816 290.951 0.358969 -0.929959 0.0794787 19.1501 -0.0390837 0.0701025 0.996774 3.68541
-0.946714 -0.321854 -0.0119492 290.106 0.319818 -0.943815 0.0832446 19.449 -0.0380704 0.0749872 0.996458 3.65986
-0.958825 -0.283575 -0.0154621 289.224 0.281366 -0.955927 0.0838825 19.7163 -0.0385677 0.0760782 0.996356 3.63312
-0.969063 -0.246203 -0.0173461 288.291 0.243844 -0.965905 0.086988 19.9617 -0.0381714 0.0800671 0.996058 3.60615
-0.977587 -0.209612 -0.0196508 287.347 0.207204 -0.974465 0.0865091 20.1749 -0.0372824 0.0804984 0.996057 3.58211
-0.98442 -0.174996 -0.0171642 286.361 0.172955 -0.981264 0.0848958 20.3541 -0.0316991 0.0806045 0.996242 3.55458
-0.989808 -0.141558 -0.01553 285.361 0.139792 -0.986639 0.0836789 20.5063 -0.027168 0.0806551 0.996372 3.52678
-0.993805 -0.10983 -0.0170218 284.326 0.108062 -0.990671 0.0830228 20.6293 -0.0259815 0.080669 0.996402 3.50515
-0.99671 -0.0789136 -0.0184682 283.254 0.0771659 -0.993689 0.0814105 20.7218 -0.024776 0.0797176 0.99651 3.48587
-0.998573 -0.0498888 -0.0190315 282.166 0.0482126 -0.995613 0.0801874 20.7853 -0.0229484 0.0791554 0.996598 3.46756
-0.99955 -0.0231674 -0.0190391 281.046 0.0215579 -0.996498 0.0807854 20.8214 -0.020844 0.0803386 0.99655 3.44808
-0.999765 0.00190381 -0.0215797 279.908 -0.00357424 -0.996975 0.0776355 20.8255 -0.0213666 0.0776945 0.996748 3.43212
-0.999407 0.0253826 -0.0232702 278.742 -0.0270838 -0.996742 0.0759694 20.8039 -0.021266 0.0765546 0.996839 3.41503
-0.998673 0.045896 -0.0233451 277.563 -0.0474968 -0.996171 0.0733976 20.7571 -0.0198871 0.074409 0.997029 3.3991
-0.997812 0.0625907 -0.0212907 276.372 -0.0639188 -0.995581 0.0687988 20.6841 -0.0168905 0.0700092 0.997403 3.3851
-0.996963 0.0751858 -0.0203192 275.164 -0.076341 -0.995039 0.0637976 20.593 -0.0154218 0.065155 0.997756 3.37367
-0.996299 0.0831488 -0.0217806 273.94 -0.0843047 -0.994691 0.0590152 20.4877 -0.016758 0.060633 0.998019 3.3635
-0.995923 0.0870602 -0.0236086 272.695 -0.0882547 -0.994554 0.0554392 20.3755 -0.0186534 0.0572967 0.998183 3.35291
