0.999692 -0.0225654 0.0103485 0.96156 0.0221938 0.999151 0.0347146 1.13316 -0.0111231 -0.0344742 0.999344 -0.596828
0.999681 -0.0219534 0.0124864 1.77323 0.0214697 0.999061 0.0376367 1.15106 -0.013301 -0.0373566 0.999213 -0.425348
0.999686 -0.0211393 0.0134435 2.59814 0.0205812 0.998972 0.0403789 1.1698 -0.0142833 -0.0400896 0.999094 -0.25626
0.999704 -0.0203706 0.0132893 3.36078 0.0198003 0.998933 0.0417169 1.17721 -0.0141249 -0.0414414 0.999041 -0.0853443
0.999714 -0.0199663 0.0131882 4.14785 0.0193729 0.998857 0.0436897 1.18912 -0.0140455 -0.0434217 0.998958 0.0829773
0.999729 -0.019155 0.0132569 4.87552 0.0185568 0.998865 0.0438594 1.20524 -0.014082 -0.0436015 0.99895 0.254226
0.999724 -0.018397 0.0145766 5.61082 0.0177369 0.998866 0.0441863 1.22048 -0.015373 -0.0439155 0.998917 0.425889
0.999696 -0.0174434 0.0174491 6.30505 0.0166444 0.998851 0.0449327 1.22736 -0.0182128 -0.0446286 0.998838 0.597611
0.999641 -0.0158371 0.0216197 6.95612 0.0148549 0.998883 0.0448622 1.24498 -0.022306 -0.0445249 0.998759 0.772972
0.999573 -0.0144157 0.0253997 7.57497 0.0132851 0.998937 0.0441296 1.25218 -0.0260089 -0.0437733 0.998703 0.94869
0.999521 -0.0131917 0.028001 8.17337 0.0119705 0.998989 0.0433402 1.25461 -0.0285444 -0.0429843 0.998668 1.12345
0.999532 -0.0116667 0.0282853 8.76059 0.0104225 0.998988 0.0437423 1.25784 -0.028767 -0.0434271 0.998642 1.29703
0.999604 -0.0101622 0.0262502 9.29435 0.00897694 0.998952 0.0448819 1.28768 -0.0266788 -0.0446285 0.998647 1.47006
0.999695 -0.00887927 0.0230513 9.77322 0.00783992 0.998965 0.0447937 1.32816 -0.0234252 -0.0445993 0.99873 1.64776
0.999737 -0.00698716 0.0218335 10.2242 0.00603292 0.999037 0.0434694 1.35005 -0.0221162 -0.0433262 0.998816 1.82402
0.999794 -0.00484504 0.0197333 10.6549 0.00405696 0.9992 0.0397827 1.3733 -0.0199103 -0.0396945 0.999013 2.00356
0.999826 -0.00282059 0.0184342 11.0582 0.00212932 0.999298 0.0374118 1.37596 -0.0185268 -0.0373661 0.99913 2.18187
0.999857 -0.000531486 0.0169137 11.4493 -0.000174194 0.99913 0.0416936 1.39528 -0.0169212 -0.0416905 0.998987 2.36318
0.999866 0.00253998 0.0162023 11.7728 -0.00328831 0.998921 0.0463284 1.41273 -0.0160671 -0.0463754 0.998795 2.54766
0.999835 0.0059953 0.017163 12.0686 -0.00680039 0.99886 0.0472415 1.43106 -0.0168602 -0.0473504 0.998736 2.7324
0.999797 0.00928165 0.0178616 12.348 -0.0100458 0.999017 0.043179 1.42354 -0.0174432 -0.0433497 0.998908 2.91155
0.999782 0.0119594 0.0171355 12.5995 -0.0126041 0.999197 0.0380264 1.4144 -0.016667 -0.0382341 0.99913 3.08951
0.999719 0.014553 0.0186971 12.8265 -0.0151924 0.999288 0.0345253 1.39967 -0.0181813 -0.0347996 0.999229 3.269
0.99965 0.0172458 0.0200528 12.9308 -0.0179244 0.999255 0.0341658 1.41306 -0.0194486 -0.0345133 0.999215 3.46418
0.999635 0.0192945 0.018919 13.0462 -0.0199478 0.999189 0.0349735 1.41491 -0.0182289 -0.0353382 0.999209 3.65119
0.999618 0.0215757 0.0172998 13.1459 -0.0221841 0.999113 0.0357822 1.41307 -0.0165124 -0.0361523 0.99921 3.83614
0.999575 0.0241554 0.0163014 13.2364 -0.02476 0.998972 0.0379663 1.41525 -0.0153675 -0.0383538 0.999146 4.02328
0.999537 0.0258705 0.016034 13.3294 -0.0265077 0.998812 0.040897 1.41102 -0.0149569 -0.0413031 0.999035 4.20967
0.999522 0.0271475 0.0147663 13.3447 -0.0277541 0.998709 0.0425543 1.43613 -0.013592 -0.0429438 0.998985 4.40737
0.999492 0.0291505 0.0128677 13.3902 -0.0296644 0.998688 0.0417373 1.44103 -0.0116342 -0.0420978 0.999046 4.59564
0.999466 0.0306758 0.0112256 13.4249 -0.0311064 0.998698 0.0404345 1.44865 -0.00997064 -0.0407622 0.999119 4.78352
0.999444 0.0317978 0.0100467 13.4852 -0.0321721 0.998697 0.0396018 1.4407 -0.00877435 -0.039903 0.999165 4.96538
0.999408 0.0332886 0.00871381 13.5098 -0.0336138 0.998622 0.0403008 1.44994 -0.00736024 -0.0405699 0.99915 5.15476
0.999379 0.0346059 0.00659005 13.5486 -0.034849 0.998539 0.0412919 1.44863 -0.00515148 -0.0414959 0.999125 5.3407
0.999363 0.0354339 0.00434572 13.5717 -0.0355836 0.998509 0.0413864 1.4528 -0.00287276 -0.0415147 0.999134 5.5292
0.999343 0.0361907 0.00202207 13.6196 -0.036243 0.998519 0.0405722 1.44348 -0.000550743 -0.0406188 0.999175 5.71239
0.999357 0.0358516 -2.10295e-05 13.6679 -0.0358226 0.998572 0.0396261 1.4349 0.00144166 -0.0395999 0.999215 5.89553
0.999427 0.033819 -0.00134212 13.7106 -0.0337408 0.998666 0.0390805 1.43685 0.002662 -0.0390128 0.999235 6.07905
0.999522 0.0308313 -0.00237774 13.7404 -0.0307145 0.998759 0.0391973 1.45135 0.00358329 -0.0391055 0.999229 6.26544
0.999634 0.026813 -0.00358988 13.7899 -0.0266493 0.998853 0.0397748 1.45499 0.00465225 -0.0396646 0.999202 6.448
0.999764 0.0211638 -0.00482575 13.845 -0.0209539 0.998978 0.0400399 1.45554 0.00566822 -0.0399293 0.999186 6.62886
0.999878 0.0145303 -0.00572186 13.8996 -0.0142907 0.999102 0.0398961 1.45779 0.00629643 -0.0398095 0.999187 6.80967
0.999951 0.00732283 -0.00666424 13.9326 -0.00705097 0.999177 0.0399422 1.4717 0.00695125 -0.0398933 0.99918 6.99208
0.999969 -0.000794488 -0.00783529 13.9655 0.00110783 0.999196 0.0400685 1.48945 0.00779716 -0.0400759 0.999166 7.17419
0.999899 -0.0107672 -0.0092738 14.026 0.0111201 0.999182 0.0388786 1.49543 0.0088476 -0.0389778 0.999201 7.35326
0.999658 -0.0236593 -0.011122 14.0911 0.0240599 0.999011 0.0373815 1.50728 0.0102266 -0.0376363 0.999239 7.53275
0.999132 -0.0394677 -0.013307 14.1859 0.0399293 0.998539 0.0364152 1.51337 0.0118503 -0.036915 0.999248 7.70885
0.998162 -0.0588228 -0.0145838 14.2571 0.0593244 0.997562 0.0367555 1.54897 0.0123862 -0.0375531 0.999218 7.89183
0.996643 -0.0805616 -0.0146091 14.3648 0.0810592 0.996005 0.0374654 1.58073 0.0115324 -0.0385238 0.999191 8.07253
0.994475 -0.104075 -0.0137311 14.4781 0.104529 0.993795 0.038022 1.62378 0.00968877 -0.0392472 0.999183 8.25264
0.991341 -0.1307 -0.0126337 14.6339 0.131098 0.990607 0.0388673 1.66373 0.00743507 -0.040187 0.999165 8.43213
0.986963 -0.160556 -0.0112314 14.785 0.160881 0.986164 0.0399764 1.72619 0.0046575 -0.0412622 0.999137 8.61151
0.981042 -0.193617 -0.00834513 14.9728 0.193796 0.980227 0.0399696 1.79949 0.000441328 -0.0408291 0.999166 8.79044
0.973133 -0.230186 -0.00518982 15.1793 0.230204 0.972286 0.0408134 1.88148 -0.00434869 -0.0409115 0.999153 8.96817
0.962929 -0.269755 -0.000567076 15.3717 0.269539 0.96207 0.0420782 1.99079 -0.0108052 -0.0406712 0.999114 9.14152
0.950412 -0.310984 0.0023274 15.6054 0.310557 0.949451 0.0457901 2.10059 -0.0164497 -0.0427967 0.998948 9.31488
0.935692 -0.352787 0.00472459 15.8426 0.352149 0.934656 0.0490795 2.24233 -0.0217305 -0.0442596 0.998784 9.48811
0.918396 -0.395573 0.00840528 16.068 0.394662 0.917378 0.051571 2.40376 -0.0281109 -0.0440454 0.998634 9.65708
0.898401 -0.438945 0.0142397 16.3252 0.437631 0.897488 0.0547205 2.58037 -0.0367993 -0.0429292 0.9984 9.82864
0.875923 -0.482101 0.0183758 16.572 0.480395 0.87507 0.0589298 2.76283 -0.0444903 -0.0427903 0.998093 9.99706
0.850616 -0.525429 0.019399 16.7693 0.523414 0.849702 0.0635937 2.97874 -0.0498974 -0.0439402 0.997787 10.1604
0.822179 -0.568883 0.0198552 17.0146 0.566643 0.821266 0.0666151 3.20847 -0.0542026 -0.0435188 0.997581 10.3213
0.790952 -0.611633 0.0173061 17.2156 0.609283 0.789885 0.0696896 3.48376 -0.0562943 -0.0445768 0.997419 10.4773
0.756934 -0.653275 0.0168264 17.4509 0.650762 0.755872 0.0718749 3.75301 -0.0596727 -0.0434545 0.997272 10.6291
0.71963 -0.694169 0.0162046 17.6834 0.691431 0.718542 0.0749747 4.04196 -0.0636888 -0.0427497 0.997054 10.7775
0.680328 -0.73271 0.0170107 17.8688 0.729803 0.679398 0.0761988 4.37218 -0.0673887 -0.0394257 0.996948 10.9237
0.639179 -0.768862 0.0173786 18.1119 0.765929 0.638452 0.0757077 4.72452 -0.0693042 -0.0350799 0.996979 11.0703
0.59607 -0.802688 0.0198419 18.3432 0.799736 0.595718 0.0744489 5.11137 -0.0715794 -0.0285084 0.997027 11.215
0.55088 -0.834276 0.022676 18.5319 0.831265 0.550907 0.0741616 5.52507 -0.0743637 -0.0220044 0.996988 11.356
0.503986 -0.863415 0.0226468 18.7406 0.860327 0.504157 0.0752515 5.95827 -0.0763908 -0.0184421 0.996907 11.4929
0.454497 -0.890515 0.0203819 18.8836 0.887553 0.454684 0.0742453 6.4134 -0.0753839 -0.0156542 0.997032 11.6273
0.401749 -0.915476 0.0224037 19.0686 0.912624 0.402278 0.0727274 6.9157 -0.0755926 -0.00877199 0.9971 11.7591
0.347796 -0.93724 0.024871 19.2369 0.934468 0.34868 0.0720602 7.43005 -0.0762097 -0.00182114 0.99709 11.8906
0.293587 -0.955604 0.0250736 19.3376 0.953067 0.294635 0.0696615 7.9863 -0.0739564 0.0034451 0.997256 12.0178
0.239996 -0.970466 0.0244383 19.4534 0.967641 0.241166 0.0742296 8.55402 -0.077931 0.00583265 0.996942 12.1451
0.188157 -0.981813 0.0252983 19.5477 0.978625 0.189598 0.0796596 9.14829 -0.0830073 0.00976905 0.996501 12.2725
0.138856 -0.989892 0.0288514 19.5984 0.986765 0.140763 0.0805005 9.79951 -0.0837481 0.0172916 0.996337 12.3948
0.0939733 -0.995147 0.0291885 19.6483 0.991989 0.0960808 0.0820187 10.4521 -0.0844251 0.0212471 0.996203 12.5209
0.0534966 -0.998226 0.0261444 19.661 0.995169 0.0554545 0.0810101 11.1383 -0.0823162 0.0216844 0.99637 12.6003
0.0182127 -0.999587 0.0222346 19.6647 0.9969 0.0198573 0.0761369 11.8173 -0.076547 0.020779 0.996849 12.6699
-0.0107707 -0.99978 0.017972 19.6399 0.997166 -0.00940079 0.0746414 12.5276 -0.074456 0.018725 0.997048 12.7413
-0.0321267 -0.999373 0.0148521 19.6089 0.996445 -0.0308676 0.0783859 13.2695 -0.0778784 0.0173175 0.996812 12.8158
-0.0455117 -0.998865 0.0140378 19.5667 0.995407 -0.0441604 0.0849415 14.0504 -0.0842252 0.0178391 0.996287 12.8911
-0.0536318 -0.998479 0.0127717 19.5154 0.994709 -0.0522982 0.088427 14.8027 -0.0876246 0.0174466 0.996001 12.9673
-0.0575303 -0.998259 0.0130175 19.465 0.994703 -0.0562031 0.0860653 15.587 -0.0851838 0.0178999 0.996204 13.0394
-0.0572332 -0.998194 0.0182717 19.417 0.995063 -0.0555483 0.0822402 16.3704 -0.0810767 0.0228884 0.996445 13.1061
-0.0536371 -0.998083 0.0308615 19.3857 0.995529 -0.0510422 0.0794805 17.218 -0.0777529 0.0349866 0.996359 13.1603
-0.0481372 -0.99834 0.0316247 19.3398 0.995831 -0.045512 0.0790526 18.0539 -0.0774821 0.0352982 0.996369 13.2264
-0.0423553 -0.998712 0.0279183 19.2904 0.996194 -0.0400847 0.0774045 18.9243 -0.0761857 0.0310906 0.996609 13.2983
-0.0392198 -0.998699 0.0326007 19.2529 0.996897 -0.0368786 0.0695503 19.7877 -0.0682575 0.0352273 0.997046 13.3657
-0.0367468 -0.998859 0.0305127 19.2006 0.99774 -0.0349529 0.0573795 20.7031 -0.0562475 0.0325523 0.997886 13.4222
-0.0353268 -0.999128 0.022236 19.1402 0.998288 -0.0342419 0.047413 21.6076 -0.0466103 0.0238729 0.998628 13.4958
-0.0364878 -0.999204 0.0161126 19.0812 0.998506 -0.0357964 0.0412923 22.535 -0.0406826 0.0175951 0.999017 13.5712
-0.0398782 -0.999184 0.00644829 19.0134 0.9982 -0.0395479 0.0450955 23.4831 -0.0448037 0.00823501 0.998962 13.6613
-0.0441863 -0.999022 -0.00152055 18.9425 0.997776 -0.0442071 0.0498942 24.4541 -0.0499126 0.000687466 0.998753 13.7485
-0.0491769 -0.998784 -0.00347336 18.8709 0.997212 -0.0492943 0.0560274 25.4574 -0.0561305 -0.000708418 0.998423 13.8205
-0.0511854 -0.998671 -0.00599408 18.7963 0.996747 -0.0514591 0.0620331 26.4735 -0.0622591 -0.00279939 0.998056 13.8913
-0.0525029 -0.998604 -0.00582615 18.7246 0.99635 -0.0527758 0.0670995 27.4945 -0.0673133 -0.00228196 0.997729 13.9606
-0.0540632 -0.998529 -0.00415331 18.6761 0.996284 -0.05422 0.0669196 28.4666 -0.0670463 -0.000519986 0.99775 14.0486
-0.0563144 -0.998397 -0.00565771 18.6199 0.996505 -0.0565561 0.0614821 29.4393 -0.0617036 -0.0021756 0.998092 14.1503
-0.0593422 -0.998221 -0.00577497 18.5705 0.996719 -0.05957 0.0547905 30.4844 -0.0550371 -0.00250463 0.998481 13.9472
-0.0649201 -0.997876 -0.00541812 18.5176 0.99676 -0.0651039 0.0472256 31.5386 -0.047478 -0.00233468 0.99887 13.6697
-0.0707496 -0.99748 -0.00529386 18.4305 0.996639 -0.0709077 0.0410321 32.6198 -0.0413041 -0.00237306 0.999144 13.5235
-0.0774059 -0.996981 -0.00604281 18.3368 0.996293 -0.0775778 0.0371858 33.7249 -0.0375424 -0.003142 0.99929 13.2889
-0.0839451 -0.996451 -0.0062281 18.2344 0.995679 -0.0841259 0.0393285 34.8212 -0.0397128 -0.00289975 0.999207 13.148
-0.0906705 -0.99585 -0.00787529 18.1191 0.994912 -0.0909282 0.0433801 35.9476 -0.0439161 -0.00390193 0.999028 12.9347
-0.0963274 -0.995285 -0.0113307 17.9822 0.994243 -0.0967506 0.0460347 37.0275 -0.046914 -0.0068311 0.998876 12.7868
-0.100782 -0.994805 -0.0143523 17.8419 0.993725 -0.101355 0.0473017 38.1236 -0.0485106 -0.00949504 0.998778 12.6127
-0.102705 -0.994526 -0.0192284 17.6945 0.993445 -0.10353 0.0484698 39.2002 -0.0501952 -0.0141243 0.99864 12.4767
-0.103557 -0.994348 -0.0234226 17.5678 0.993288 -0.104609 0.049344 40.2943 -0.0515153 -0.0181554 0.998507 12.3308
-0.104711 -0.994196 -0.0247108 17.4488 0.993175 -0.105823 0.0490424 41.3682 -0.0513727 -0.0194068 0.998491 12.2146
-0.105645 -0.994096 -0.0247463 17.3322 0.993135 -0.106735 0.0478638 42.4473 -0.0502225 -0.0195199 0.998547 12.1086
-0.106266 -0.994008 -0.0256178 17.2122 0.993108 -0.10738 0.0469613 43.5276 -0.0494307 -0.0204509 0.998568 11.9946
-0.106804 -0.993894 -0.0276989 17.091 0.993062 -0.108011 0.0464955 44.6085 -0.0492034 -0.0225408 0.998534 11.906
-0.106936 -0.993769 -0.0314171 16.9407 0.993156 -0.108256 0.0438447 45.6887 -0.0469726 -0.0265135 0.998544 11.8032
-0.106674 -0.993632 -0.0362753 16.7933 0.993392 -0.10806 0.0386683 46.7743 -0.042342 -0.0319107 0.998593 11.7339
-0.105464 -0.993677 -0.0385043 16.6454 0.993569 -0.106898 0.0373206 47.8654 -0.0412007 -0.0343207 0.998561 11.6481
-0.102823 -0.993912 -0.039577 16.5403 0.993695 -0.104426 0.0408162 48.958 -0.0447006 -0.0351306 0.998383 11.6145
-0.100528 -0.994096 -0.0408308 16.4065 0.993698 -0.102364 0.045676 50.0333 -0.0495859 -0.0359818 0.998122 11.5656
-0.0994433 -0.994332 -0.0376046 16.2989 0.993837 -0.101112 0.0454328 51.1206 -0.0489776 -0.0328549 0.998259 11.5243
-0.0972326 -0.994591 -0.0365233 16.1739 0.994079 -0.09884 0.0451338 52.2299 -0.0484996 -0.0319186 0.998313 11.442
-0.093377 -0.994808 -0.0404723 16.0468 0.994377 -0.095222 0.046345 53.335 -0.0499582 -0.0359172 0.998105 11.3747
-0.0884267 -0.995045 -0.045464 15.9013 0.994763 -0.0905659 0.0473653 54.4478 -0.051248 -0.0410375 0.997842 11.2986
-0.0826316 -0.995389 -0.0487087 15.7502 0.995265 -0.0849341 0.0472632 55.5444 -0.0511823 -0.0445727 0.997694 11.2292
-0.0773769 -0.995756 -0.0498199 15.5822 0.995717 -0.0797168 0.0468305 56.654 -0.0506033 -0.0459829 0.99766 11.1453
-0.0722842 -0.996189 -0.0488004 15.4506 0.996155 -0.0745365 0.0460289 57.7671 -0.0494909 -0.0452857 0.997747 11.0777
-0.0677313 -0.996608 -0.0467378 15.3352 0.996457 -0.0699134 0.0467484 58.8897 -0.0498574 -0.0434058 0.997813 11.0135
-0.0629013 -0.996983 -0.0454747 15.2144 0.996762 -0.065044 0.0472819 60.0287 -0.0500971 -0.0423533 0.997846 10.9266
-0.0576387 -0.997378 -0.0437599 15.1151 0.997005 -0.0597703 0.0490758 61.171 -0.0515627 -0.0408002 0.997836 10.8475
-0.0527855 -0.997608 -0.0446269 15.0092 0.997249 -0.0549901 0.0497079 62.3228 -0.052043 -0.0418803 0.997766 10.7524
-0.0473168 -0.997901 -0.0442187 14.9258 0.99752 -0.0495157 0.0500301 63.4515 -0.0521146 -0.0417417 0.997768 10.6932
-0.0425796 -0.998153 -0.043326 14.8419 0.997989 -0.0445311 0.0451205 64.5756 -0.0469665 -0.0413176 0.998042 10.6298
-0.0384693 -0.998352 -0.0425928 14.7779 0.998398 -0.0401713 0.0398508 65.7063 -0.0414961 -0.0409915 0.998297 10.5804
-0.0352413 -0.998484 -0.0422892 14.7175 0.998574 -0.0368793 0.0385976 66.855 -0.0400987 -0.0408686 0.99836 10.5293
-0.0319389 -0.998599 -0.0421848 14.6443 0.998555 -0.0337059 0.0418636 68.0425 -0.0432268 -0.0407868 0.998232 10.4696
-0.0300614 -0.998669 -0.041906 14.5626 0.998595 -0.0318362 0.0423501 69.2492 -0.0436278 -0.0405741 0.998224 10.4072
-0.0292538 -0.998615 -0.0437198 14.4918 0.99862 -0.0311068 0.0423209 70.444 -0.0436222 -0.0424214 0.998147 10.3547
-0.0283809 -0.998574 -0.0452069 14.4176 0.998588 -0.030355 0.0435972 71.6471 -0.0449073 -0.0439057 0.998026 10.2949
-0.0272348 -0.998574 -0.0459262 14.3595 0.998611 -0.0292513 0.0438224 72.8526 -0.0451033 -0.0446689 0.997983 10.2277
-0.0261985 -0.998576 -0.0464737 14.3237 0.998724 -0.0281533 0.0419187 74.0734 -0.0431674 -0.0453162 0.99804 10.169
-0.0255903 -0.998671 -0.0447311 14.2895 0.998801 -0.0274108 0.0405706 75.3044 -0.0417429 -0.0436392 0.998175 10.1141
-0.0254416 -0.998839 -0.0409106 14.2657 0.99881 -0.0271014 0.0405433 76.49 -0.041605 -0.0398304 0.99834 10.0701
-0.0255805 -0.998913 -0.0389676 14.2398 0.998805 -0.0271624 0.0406204 77.6773 -0.0416347 -0.0378819 0.998414 10.0285
-0.0252431 -0.998945 -0.0383507 14.2091 0.998703 -0.0268966 0.0432287 78.8716 -0.0442146 -0.0372098 0.998329 9.97664
-0.0248065 -0.998847 -0.0411107 14.1714 0.998533 -0.0267365 0.0470813 80.0732 -0.0481261 -0.0398825 0.998045 9.91978
-0.024103 -0.998763 -0.0434999 14.1268 0.998543 -0.0261537 0.047206 81.2577 -0.0482852 -0.0422987 0.997938 9.8674
-0.0239889 -0.998725 -0.0444277 14.0761 0.998659 -0.0259795 0.0447829 82.4342 -0.0458799 -0.0432938 0.998008 9.81193
-0.0238695 -0.998729 -0.0443985 14.0412 0.99878 -0.0257444 0.0421482 83.6028 -0.0432376 -0.0433383 0.998124 9.76984
-0.024126 -0.998814 -0.0422859 14.0184 0.998798 -0.025888 0.0416307 84.8068 -0.042676 -0.0412306 0.998238 9.72953
-0.0241033 -0.99888 -0.0407075 13.9962 0.998723 -0.0258683 0.0434029 85.9947 -0.0444073 -0.0396094 0.998228 9.69158
-0.023744 -0.998917 -0.0400023 13.963 0.998602 -0.0255886 0.0462492 87.201 -0.0472228 -0.0388482 0.998129 9.6419
-0.0231305 -0.998914 -0.0404555 13.9238 0.9985 -0.025092 0.0486692 88.4065 -0.0496314 -0.0392691 0.997995 9.58902
-0.0228461 -0.998855 -0.0420321 13.8775 0.998471 -0.024914 0.0493521 89.6084 -0.0503428 -0.0408403 0.997897 9.52994
-0.0226756 -0.998885 -0.041414 13.8336 0.998575 -0.0246314 0.0473431 90.82 -0.0483104 -0.0402814 0.99802 9.46871
-0.0224922 -0.998961 -0.0396402 13.789 0.998657 -0.0243008 0.0457498 92.0089 -0.0466656 -0.0385579 0.998166 9.41525
-0.0223116 -0.99903 -0.0379685 13.7372 0.998621 -0.0240758 0.0466608 93.189 -0.0475296 -0.036875 0.998189 9.37003
-0.0219189 -0.999112 -0.0359898 13.6942 0.998474 -0.023702 0.0498881 94.364 -0.0506968 -0.0348413 0.998106 9.32354
-0.0213479 -0.999179 -0.0344189 13.6543 0.998348 -0.023142 0.0525963 95.5156 -0.0533497 -0.0332392 0.998023 9.26739
-0.0205464 -0.999177 -0.0349669 13.6077 0.998287 -0.0224192 0.0540383 96.6581 -0.0547777 -0.0337967 0.997926 9.20546
-0.0195966 -0.999119 -0.0371075 13.5523 0.998196 -0.0216584 0.0560007 97.7931 -0.0567551 -0.0359431 0.997741 9.14051
-0.0190512 -0.999029 -0.0397248 13.5274 0.998256 -0.021227 0.0550901 98.9311 -0.0558799 -0.0386059 0.997691 9.08178
-0.0186576 -0.998934 -0.042232 13.5005 0.998464 -0.0208194 0.0513427 100.077 -0.0521672 -0.0412092 0.997788 9.0138
-0.0184913 -0.998858 -0.0440606 13.4811 0.998551 -0.0206767 0.049673 101.222 -0.0505273 -0.0430782 0.997793 8.94178
-0.018528 -0.998883 -0.0434702 13.4433 0.998645 -0.0206033 0.0477897 102.373 -0.0486319 -0.0425258 0.997911 8.88055
-0.018348 -0.99895 -0.0419712 13.4078 0.998724 -0.0202871 0.0462512 103.526 -0.0470541 -0.041069 0.998048 8.82093
-0.0181355 -0.998978 -0.0413956 13.3722 0.998638 -0.0201237 0.0481277 104.677 -0.0489115 -0.0404664 0.997983 8.76522
-0.0175617 -0.999037 -0.0402108 13.3365 0.998497 -0.0196121 0.051179 105.834 -0.0519184 -0.0392516 0.99788 8.70897
-0.0177915 -0.998875 -0.0439629 13.317 0.998534 -0.0199988 0.0502896 107.026 -0.0511122 -0.0430038 0.997767 8.64952
-0.0179655 -0.998648 -0.0487793 13.2971 0.998454 -0.0204863 0.0516798 108.234 -0.0526092 -0.0477754 0.997472 8.58654
-0.0179795 -0.998482 -0.0520714 13.272 0.998477 -0.0206477 0.0511636 109.434 -0.052161 -0.0510722 0.997332 8.53174
-0.0180357 -0.998449 -0.0526703 13.2442 0.998646 -0.0205602 0.047788 110.61 -0.0487968 -0.0517371 0.997468 8.47153
-0.0187985 -0.998423 -0.0528962 13.2195 0.998836 -0.0211046 0.0433814 111.784 -0.0444293 -0.0520191 0.997657 8.41613
-0.0197059 -0.998575 -0.0496011 13.1993 0.998845 -0.0218369 0.0427927 112.971 -0.0438149 -0.0487006 0.997852 8.36418
-0.0203546 -0.99878 -0.0449866 13.1773 0.998843 -0.0222759 0.0426287 114.199 -0.0435788 -0.0440669 0.998078 8.30385
-0.0208316 -0.998832 -0.0436081 13.1498 0.998776 -0.022748 0.0439222 115.435 -0.0448629 -0.0426398 0.998083 8.24124
-0.0213355 -0.998845 -0.0430513 13.1207 0.998572 -0.0233999 0.0480316 116.677 -0.0489836 -0.041965 0.997918 8.18051
-0.0219075 -0.998908 -0.0412658 13.0982 0.998551 -0.023892 0.0482276 117.912 -0.0491609 -0.0401494 0.997984 8.11853
-0.022388 -0.998922 -0.0406588 13.0783 0.998756 -0.0241594 0.0436121 119.15 -0.0445474 -0.0396318 0.998221 8.05117
-0.0231466 -0.99891 -0.0405371 13.0546 0.99892 -0.0247425 0.039319 120.392 -0.0402792 -0.0395832 0.998404 7.99024
-0.0240874 -0.998923 -0.0396622 13.034 0.998961 -0.0255858 0.0377147 121.635 -0.0386888 -0.0387125 0.998501 7.9336
-0.0244394 -0.998878 -0.0405623 13.0097 0.998918 -0.0260063 0.0385636 122.89 -0.0395752 -0.0395759 0.998433 7.87941
-0.0246413 -0.998671 -0.0452706 12.9796 0.998724 -0.0265892 0.0429425 124.155 -0.0440891 -0.0441547 0.998051 7.82402
-0.0244758 -0.998386 -0.0512551 12.945 0.99855 -0.026875 0.0466543 125.414 -0.0479565 -0.0500389 0.997595 7.77476
-0.0242764 -0.998005 -0.0582775 12.9088 0.998569 -0.0269863 0.0461734 126.673 -0.047654 -0.0570731 0.997232 7.71924
-0.0241715 -0.997798 -0.0617567 12.8757 0.998669 -0.0269157 0.0439969 127.932 -0.0455623 -0.060611 0.997121 7.66641
-0.0245952 -0.997675 -0.063551 12.8396 0.998718 -0.0273344 0.0425996 129.184 -0.0442377 -0.0624218 0.997069 7.61632
-0.0251377 -0.997624 -0.0641416 12.8072 0.998708 -0.0278966 0.042486 130.435 -0.0441743 -0.0629907 0.997036 7.57105
-0.0258828 -0.997755 -0.0617669 12.7859 0.998737 -0.0284706 0.0413892 131.687 -0.0430549 -0.0606176 0.997232 7.52618
-0.0262385 -0.997744 -0.0617885 12.7373 0.998714 -0.0288455 0.041686 132.93 -0.0433743 -0.0606153 0.997218 7.47219
-0.0265917 -0.99774 -0.061701 12.6873 0.998475 -0.0294973 0.0466689 134.19 -0.0483835 -0.0603658 0.997003 7.4079
-0.0269701 -0.997768 -0.0610935 12.624 0.998224 -0.0301294 0.0513957 135.457 -0.0531217 -0.0595988 0.996808 7.34352
-0.0270893 -0.997776 -0.0609037 12.5585 0.99833 -0.0301138 0.0493031 136.71 -0.0510275 -0.0594664 0.996925 7.27639
-0.0264288 -0.997804 -0.0607396 12.4968 0.998439 -0.0293389 0.0475302 137.975 -0.0492078 -0.0593886 0.997021 7.20588
-0.0251574 -0.997886 -0.0599186 12.4475 0.998479 -0.0280238 0.047488 139.244 -0.0490668 -0.0586327 0.997073 7.15031
-0.0241533 -0.997902 -0.0600652 12.3981 0.998547 -0.026977 0.0466528 140.516 -0.0481753 -0.0588511 0.997104 7.09406
-0.0231963 -0.997951 -0.059634 12.3551 0.998504 -0.0260809 0.0480573 141.782 -0.0495141 -0.05843 0.997063 7.04348
-0.0217416 -0.997901 -0.0609935 12.3252 0.998327 -0.0249392 0.052163 143.045 -0.0535747 -0.0597573 0.996774 6.97514
-0.0199043 -0.997853 -0.0623944 12.2939 0.9983 -0.0232547 0.0534395 144.295 -0.0547757 -0.0612247 0.99662 6.90835
-0.0187231 -0.997734 -0.0646198 12.2621 0.99847 -0.0220217 0.0507176 145.544 -0.0520257 -0.0635714 0.99662 6.84
-0.0185713 -0.997812 -0.0634596 12.2354 0.998652 -0.021589 0.0472023 146.783 -0.0484691 -0.0624974 0.996868 6.7776
-0.018663 -0.997989 -0.0605841 12.2134 0.998736 -0.0214368 0.0454634 148.026 -0.0466707 -0.059659 0.997127 6.71916
-0.0188101 -0.998061 -0.0593304 12.202 0.998759 -0.0214935 0.0449194 149.276 -0.0461075 -0.0584118 0.997227 6.65674
-0.0190135 -0.998219 -0.0565534 12.187 0.998755 -0.0215724 0.0449865 150.517 -0.0461263 -0.0556277 0.997386 6.59819
-0.0192814 -0.998336 -0.0543392 12.1719 0.998784 -0.0217 0.0442767 151.758 -0.0453822 -0.0534194 0.99754 6.54174
-0.0190542 -0.998366 -0.0538819 12.1504 0.998786 -0.0214558 0.0443502 152.994 -0.0454338 -0.0529714 0.997562 6.48622
-0.0193495 -0.998501 -0.0511935 12.1334 0.998688 -0.0217301 0.0463622 154.235 -0.0474052 -0.0502292 0.997612 6.42834
-0.0197629 -0.998612 -0.0488272 12.1128 0.998599 -0.0221135 0.0480787 155.471 -0.0490917 -0.0478086 0.997649 6.371
-0.0201461 -0.998724 -0.0463163 12.0959 0.998662 -0.0223087 0.0466613 156.706 -0.047635 -0.0453142 0.997836 6.30983
-0.0208474 -0.998656 -0.0474481 12.0719 0.998635 -0.0230733 0.0468578 157.935 -0.0478897 -0.0464065 0.997774 6.25265
-0.0207788 -0.998626 -0.0481167 12.0467 0.99839 -0.0232662 0.0517254 159.171 -0.0527738 -0.0469644 0.997502 6.19378
-0.0202128 -0.998347 -0.0538009 12.0135 0.998029 -0.0233456 0.0582521 160.403 -0.0594119 -0.0525174 0.996851 6.13381
-0.0187972 -0.998124 -0.0582629 11.9807 0.998018 -0.0222321 0.0588787 161.633 -0.0600636 -0.0570406 0.996563 6.06566
-0.0178011 -0.997921 -0.0619474 11.9493 0.998261 -0.0212216 0.0550029 162.852 -0.0562031 -0.0608605 0.996563 5.99696
-0.0167402 -0.997838 -0.0635557 11.9166 0.998551 -0.019936 0.0499867 164.064 -0.0511457 -0.0626268 0.996726 5.92926
-0.0160762 -0.997672 -0.0662755 11.8682 0.998679 -0.0192564 0.0476289 165.276 -0.0487943 -0.0654223 0.996664 5.86349
-0.0155857 -0.997938 -0.0622589 11.8319 0.998769 -0.0184706 0.0460334 166.488 -0.0470885 -0.0614648 0.996998 5.80635
-0.0160743 -0.998172 -0.0582585 11.7968 0.998995 -0.0184717 0.0408497 167.696 -0.0418511 -0.0575433 0.997465 5.74786
-0.0165109 -0.998469 -0.0527834 11.7831 0.999062 -0.0185879 0.0391038 168.892 -0.0400251 -0.0520883 0.99784 5.69728
-0.0175983 -0.998631 -0.049253 11.7771 0.999025 -0.0195577 0.0395857 170.079 -0.0404948 -0.0485083 0.998002 5.65127
-0.016828 -0.998617 -0.0498018 11.7585 0.998692 -0.0191923 0.0473825 171.279 -0.0482728 -0.0489394 0.997635 5.60551
-0.0149981 -0.998546 -0.0517702 11.7392 0.998586 -0.0175997 0.0501682 172.479 -0.0510064 -0.0509446 0.997398 5.55656
-0.0132035 -0.998552 -0.0521413 11.7201 0.998784 -0.0156476 0.046747 173.677 -0.0474952 -0.0514607 0.997545 5.50255
-0.0123008 -0.998468 -0.0539465 11.7027 0.99885 -0.0147693 0.0456025 174.878 -0.0463294 -0.0533235 0.997502 5.44979
-0.0114052 -0.998533 -0.0529247 11.6931 0.998759 -0.0139417 0.0478081 176.077 -0.0484759 -0.0523138 0.997453 5.40075
-0.010945 -0.998578 -0.0521654 11.6836 0.99884 -0.0133642 0.0462543 177.265 -0.0468857 -0.0515987 0.997567 5.34973
-0.00942936 -0.998589 -0.052267 11.6726 0.998945 -0.0117567 0.0444008 178.435 -0.0449526 -0.0517932 0.997646 5.30037
-0.00775559 -0.998508 -0.0540562 11.6588 0.998901 -0.010235 0.045742 179.58 -0.046227 -0.053642 0.99749 5.25773
-0.00632425 -0.998509 -0.0542232 11.6499 0.998828 -0.00891015 0.0475817 180.695 -0.0479939 -0.0538587 0.997395 5.2194
-0.00590812 -0.998476 -0.0548712 11.6428 0.998764 -0.00859966 0.048946 181.782 -0.0493432 -0.0545143 0.997293 5.18003
-0.00571201 -0.998448 -0.0553954 11.6373 0.998702 -0.0085001 0.0502264 182.845 -0.0506193 -0.0550366 0.9972 5.13938
-0.00596145 -0.998503 -0.0543705 11.6325 0.998645 -0.00875517 0.0512905 183.884 -0.0516897 -0.0539911 0.997203 5.0969
-0.0059585 -0.99849 -0.0546129 11.6285 0.998693 -0.00871433 0.0503628 184.89 -0.0507627 -0.0542414 0.997237 5.05338
-0.00474642 -0.998459 -0.0552837 11.6097 0.998714 -0.00752345 0.050133 185.865 -0.0504717 -0.0549747 0.997211 5.01894
-0.00325092 -0.998429 -0.0559458 11.5939 0.998721 -0.0060647 0.0501988 186.813 -0.0504592 -0.0557111 0.997171 4.98682
-0.00404222 -0.998476 -0.0550403 11.585 0.998787 -0.00673179 0.0487681 187.748 -0.0490643 -0.0547764 0.997292 4.95771
-0.00732044 -0.998591 -0.0525568 11.5972 0.998892 -0.00974543 0.0460335 188.675 -0.0464808 -0.0521616 0.997556 4.92512
-0.01258 -0.998556 -0.0522339 11.5967 0.99898 -0.0148169 0.0426589 189.59 -0.0433712 -0.051644 0.997723 4.89118
-0.0177914 -0.998379 -0.0540659 11.5868 0.999018 -0.0199447 0.039554 190.502 -0.0405682 -0.0533091 0.997754 4.85617
-0.0221878 -0.998178 -0.0561079 11.5723 0.998967 -0.0243611 0.038352 191.418 -0.039649 -0.055199 0.997688 4.82207
-0.0251214 -0.998 -0.058016 11.5449 0.998857 -0.0274189 0.0391509 192.331 -0.0406633 -0.0569662 0.997548 4.78536
-0.0271785 -0.997988 -0.0572806 11.5208 0.998741 -0.029527 0.0405605 193.251 -0.0421702 -0.0561061 0.997534 4.74675
-0.0291304 -0.998109 -0.0541203 11.4966 0.998598 -0.0314532 0.0425751 194.161 -0.0441968 -0.0528042 0.997626 4.70874
-0.0307082 -0.998144 -0.0525935 11.4699 0.99852 -0.0329978 0.0432332 195.069 -0.0448884 -0.051188 0.99768 4.67086
-0.0319508 -0.998108 -0.0525377 11.4362 0.998505 -0.0342074 0.0426297 195.972 -0.0443462 -0.0510971 0.997709 4.63274
-0.0329127 -0.998005 -0.0538797 11.4059 0.998521 -0.0351686 0.0414719 196.875 -0.043284 -0.052435 0.997686 4.59019
-0.0329095 -0.997789 -0.0577402 11.3684 0.998536 -0.035305 0.0409696 197.777 -0.0429176 -0.0563074 0.997491 4.5505
-0.0322088 -0.997676 -0.0600507 11.3252 0.998649 -0.0345756 0.0388009 198.678 -0.040787 -0.0587199 0.997441 4.51968
-0.0314061 -0.99768 -0.0604054 11.281 0.998775 -0.0336385 0.0363023 199.579 -0.03825 -0.0591913 0.997514 4.48993
-0.0309675 -0.997727 -0.059851 11.2397 0.998898 -0.0330062 0.0333794 200.487 -0.035279 -0.0587513 0.997649 4.46079
-0.0300174 -0.997767 -0.0596638 11.2006 0.998937 -0.0320349 0.0331511 201.4 -0.0349884 -0.0586053 0.997668 4.43117
-0.029356 -0.997889 -0.0579263 11.173 0.99888 -0.0314382 0.0353689 202.326 -0.0371154 -0.0568231 0.997694 4.3908
-0.0291932 -0.997924 -0.057402 11.1454 0.998795 -0.0313894 0.0377371 203.26 -0.0394605 -0.0562312 0.997638 4.35136
-0.0285253 -0.998195 -0.0528566 11.1193 0.998936 -0.0303842 0.0347049 204.192 -0.0362482 -0.0518104 0.997999 4.31187
-0.0289536 -0.998335 -0.0498822 11.1058 0.999097 -0.0304558 0.0296224 205.13 -0.0310923 -0.0489795 0.998316 4.26986
-0.0280882 -0.998157 -0.0537896 11.0826 0.999091 -0.0297596 0.0305286 206.08 -0.0320731 -0.0528832 0.998086 4.22448
-0.0262893 -0.998071 -0.0562359 11.065 0.999029 -0.0282214 0.0338437 207.045 -0.0353655 -0.0552915 0.997844 4.18885
-0.0243253 -0.998235 -0.0541712 11.0454 0.999065 -0.0262112 0.0343797 208.008 -0.035739 -0.0532843 0.99794 4.1482
-0.0220835 -0.9984 -0.052052 11.0717 0.999113 -0.0239072 0.0346764 209.005 -0.0358654 -0.05124 0.998042 4.08913
-0.0199556 -0.998369 -0.053493 11.0724 0.998979 -0.0220797 0.0394151 210 -0.0405319 -0.0526518 0.99779 4.04096
-0.0180312 -0.998568 -0.0503598 11.0878 0.998835 -0.0202449 0.0437987 211.01 -0.0447555 -0.0495114 0.99777 3.98109
-0.0166871 -0.998643 -0.0493232 11.0924 0.998825 -0.0188947 0.044637 212.015 -0.0455084 -0.0485204 0.997785 3.92322
-0.0143005 -0.998542 -0.0520527 11.1044 0.998852 -0.0166468 0.0449244 213.047 -0.0457254 -0.0513505 0.997633 3.87945
-0.0109798 -0.998432 -0.0548816 11.1152 0.998825 -0.0135415 0.0465259 214.091 -0.0471961 -0.0543063 0.997408 3.84789
-0.00718762 -0.99841 -0.055913 11.1316 0.998835 -0.00983646 0.0472443 215.144 -0.0477192 -0.0555083 0.997317 3.81359
-0.00390551 -0.99827 -0.0586698 11.1275 0.998972 -0.00654398 0.044847 216.171 -0.0451533 -0.0584343 0.99727 3.76719
-0.00111529 -0.998291 -0.0584262 11.1027 0.999123 -0.00355772 0.0417163 217.17 -0.0418528 -0.0583284 0.99742 3.71147
0.000524017 -0.99835 -0.0574206 11.0873 0.999188 -0.0017904 0.0402476 218.195 -0.040284 -0.0573951 0.997538 3.66686
0.00235754 -0.998328 -0.0577477 11.0818 0.999099 -9.5593e-05 0.0424406 219.252 -0.0423752 -0.0577958 0.997429 3.63026
0.00392393 -0.998198 -0.0598697 11.0633 0.998954 0.00118514 0.045713 220.298 -0.0455597 -0.0599864 0.997159 3.59138
0.00543809 -0.998174 -0.0601645 11.0365 0.99894 0.00267256 0.0459515 221.343 -0.0457067 -0.0603506 0.99713 3.56275
0.00606674 -0.998245 -0.0589053 11.0117 0.999081 0.00355119 0.0427162 222.393 -0.042432 -0.0591103 0.997349 3.53528
0.00607839 -0.9984 -0.0562187 11.0001 0.999192 0.00383005 0.0400142 223.453 -0.0397349 -0.0564165 0.997616 3.49854
0.00576678 -0.998517 -0.0541394 10.973 0.99925 0.0036813 0.0385415 224.52 -0.038285 -0.0543211 0.997789 3.49691
0.00602197 -0.998478 -0.0548137 10.955 0.999278 0.00395303 0.0377754 225.6 -0.0375012 -0.0550016 0.997782 3.47429
0.00635946 -0.99851 -0.0541985 10.9328 0.999292 0.00433541 0.0373813 226.706 -0.0370906 -0.0543978 0.99783 3.46122
0.00643755 -0.99836 -0.0568822 10.9138 0.999227 0.00421635 0.0390831 227.819 -0.0387792 -0.0570898 0.997616 3.43847
0.00630022 -0.998309 -0.0577923 10.9188 0.999159 0.00394312 0.0408093 228.94 -0.0405124 -0.0580008 0.997494 3.44606
0.00581098 -0.998286 -0.0582431 10.9216 0.999094 0.00333973 0.0424379 230.065 -0.0421706 -0.0584369 0.9974 3.43613
0.00539176 -0.998247 -0.0589434 10.9224 0.999032 0.00280337 0.0439078 231.199 -0.0436656 -0.0591231 0.997295 3.41843
0.00493414 -0.998109 -0.0612675 10.9204 0.99895 0.00212884 0.0457688 232.343 -0.0455518 -0.061429 0.997071 3.40074
0.0038854 -0.99795 -0.0638756 10.9154 0.999007 0.00103918 0.0445318 233.489 -0.0443741 -0.0639852 0.996964 3.37346
0.0026505 -0.998037 -0.0625656 10.9141 0.99919 0.00013153 0.0402311 234.638 -0.0401439 -0.0626216 0.99723 3.34743
0.000819196 -0.998217 -0.0596823 10.9122 0.999434 -0.00118929 0.0336097 235.793 -0.0336207 -0.0596761 0.997651 3.31757
-0.00143872 -0.998484 -0.0550211 10.9167 0.999575 -0.00303834 0.0290003 236.962 -0.0291235 -0.054956 0.998064 3.29166
-0.00377258 -0.998791 -0.0490074 10.9173 0.999576 -0.00518217 0.0286676 238.14 -0.028887 -0.0488785 0.998387 3.264
-0.00597547 -0.998998 -0.044357 10.9154 0.999429 -0.00744166 0.032963 239.331 -0.0332601 -0.0441347 0.998472 3.23977
-0.00795597 -0.999075 -0.0422603 10.904 0.999324 -0.00946016 0.0355136 240.522 -0.0358805 -0.0419492 0.998475 3.20803
-0.0101254 -0.999136 -0.0403091 10.8945 0.999328 -0.0115309 0.0347898 241.721 -0.0352245 -0.0399298 0.998581 3.1718
-0.0123456 -0.9991 -0.0405736 10.8809 0.999293 -0.0137692 0.0349972 242.928 -0.0355244 -0.0401129 0.998563 3.13545
-0.0143191 -0.999102 -0.0398843 10.8671 0.999202 -0.0157854 0.0366956 244.137 -0.0372922 -0.039327 0.99853 3.10379
-0.016547 -0.999101 -0.0390207 10.8514 0.99916 -0.0179865 0.0368337 245.35 -0.0375025 -0.0383784 0.998559 3.07135
-0.0187727 -0.999059 -0.0390894 10.8281 0.999173 -0.020157 0.0353268 246.572 -0.0360815 -0.0383939 0.998611 3.03469
-0.0208427 -0.999027 -0.0388717 10.8023 0.999148 -0.0221987 0.0347837 247.796 -0.0356127 -0.0381136 0.998639 2.99655
-0.0231519 -0.998948 -0.0395836 10.769 0.999055 -0.0245747 0.0358424 249.035 -0.0367774 -0.0387164 0.998573 2.95601
-0.0252437 -0.998876 -0.0401257 10.7355 0.998977 -0.026712 0.0364884 250.277 -0.0375192 -0.0391635 0.998528 2.91584
-0.027545 -0.998758 -0.0415279 10.6946 0.998884 -0.0290956 0.037209 251.523 -0.038371 -0.0404566 0.998444 2.87414
-0.029705 -0.998616 -0.043395 10.6388 0.998744 -0.0314054 0.0390413 252.762 -0.0403501 -0.0421808 0.998295 2.83653
-0.0311183 -0.998497 -0.045118 10.5801 0.99867 -0.0329164 0.0396726 253.997 -0.0410981 -0.0438235 0.998194 2.79051
-0.0319075 -0.998343 -0.0478776 10.5219 0.998607 -0.0338564 0.0404618 255.252 -0.0420158 -0.0465199 0.998033 2.7464
-0.031705 -0.998298 -0.048948 10.4722 0.998591 -0.0337238 0.0409831 256.51 -0.042564 -0.0475796 0.99796 2.70742
-0.0317672 -0.998353 -0.0477799 10.4186 0.998642 -0.033679 0.0397547 257.758 -0.0412984 -0.0464521 0.998066 2.66366
-0.0318537 -0.998493 -0.0446952 10.3696 0.998713 -0.0335625 0.038017 259.003 -0.0394597 -0.0434267 0.998277 2.61617
-0.0318846 -0.998514 -0.0441875 10.3291 0.998701 -0.0335863 0.0383186 260.261 -0.0397458 -0.0429083 0.998288 2.57179
-0.0318988 -0.998523 -0.0439877 10.2922 0.998665 -0.0336305 0.0392044 261.523 -0.0406258 -0.0426784 0.998263 2.53509
-0.0315795 -0.998567 -0.0431957 10.2483 0.998679 -0.0332763 0.0391439 262.779 -0.0405252 -0.0419025 0.998299 2.51105
-0.0310221 -0.9986 -0.0428543 10.2049 0.998676 -0.0327275 0.0396826 264.033 -0.0410296 -0.0415665 0.998293 2.48715
-0.0308418 -0.998699 -0.040618 10.1621 0.998615 -0.0325208 0.0413471 265.281 -0.0426142 -0.0392865 0.998319 2.45766
-0.0311711 -0.998866 -0.0359926 10.1257 0.998525 -0.0327217 0.0433278 266.541 -0.0444564 -0.0345889 0.998412 2.42599
-0.0310999 -0.99897 -0.0330271 10.0847 0.998367 -0.0326317 0.0468988 267.796 -0.0479282 -0.0315146 0.998354 2.38793
-0.0309571 -0.999039 -0.0310138 10.0434 0.998255 -0.0324641 0.0493259 269.049 -0.0502854 -0.0294327 0.998301 2.34805
-0.0308971 -0.999035 -0.031219 9.9968 0.998307 -0.0323846 0.048322 270.288 -0.0492863 -0.0296731 0.998344 2.30232
-0.0307522 -0.998979 -0.0330873 9.94843 0.998411 -0.0322648 0.0461973 271.526 -0.0472177 -0.031614 0.998384 2.25591
-0.0307735 -0.998776 -0.0387238 9.88402 0.998274 -0.0326504 0.0488063 272.772 -0.0500109 -0.037155 0.998057 2.21141
-0.0303541 -0.99853 -0.0449055 9.81202 0.997917 -0.0328327 0.0555272 274.021 -0.0569199 -0.0431265 0.997447 2.16892
-0.0300189 -0.998334 -0.0492766 9.74553 0.997904 -0.0327608 0.0558108 275.259 -0.0573322 -0.0474979 0.997225 2.11756
-0.0300417 -0.998352 -0.0488988 9.68613 0.998282 -0.0324301 0.0488052 276.486 -0.0503106 -0.0473486 0.997611 2.06384
-0.0309498 -0.99847 -0.0458302 9.63134 0.998533 -0.0329246 0.0429806 277.706 -0.0444237 -0.0444328 0.998024 2.00065
-0.0313881 -0.998687 -0.0404957 9.58616 0.998566 -0.0330907 0.0420839 278.933 -0.0433687 -0.0391167 0.998293 1.93641
-0.0305068 -0.99885 -0.0369867 9.54739 0.99852 -0.0321219 0.0438879 280.17 -0.0450255 -0.035593 0.998352 1.87413
-0.0287823 -0.99894 -0.0359316 9.50521 0.998495 -0.0304111 0.0456397 281.403 -0.046684 -0.0345639 0.998312 1.81716
-0.02751 -0.998931 -0.0371499 9.46944 0.998413 -0.029285 0.0481119 282.642 -0.0491484 -0.0357674 0.998151 1.75186
-0.0264658 -0.998914 -0.0383563 9.4327 0.998343 -0.0283732 0.0500686 283.874 -0.0511025 -0.0369676 0.998009 1.68512
-0.0255461 -0.998899 -0.0393347 9.40094 0.998323 -0.0275364 0.0509188 285.106 -0.0519459 -0.037968 0.997928 1.62554
-0.0247215 -0.998938 -0.0388831 9.3662 0.998346 -0.026689 0.0509238 286.328 -0.0519075 -0.0375599 0.997945 1.57007
-0.0245491 -0.998929 -0.0392197 9.33219 0.998449 -0.0264604 0.0489816 287.547 -0.0499669 -0.0379565 0.998029 1.51495
-0.0242557 -0.998946 -0.0389596 9.2962 0.998513 -0.0261118 0.0478621 288.767 -0.0488289 -0.0377407 0.998094 1.46181
-0.0241369 -0.998928 -0.0394901 9.2641 0.998536 -0.0260024 0.0474287 289.988 -0.0484047 -0.0382875 0.998094 1.4073
-0.0237207 -0.998913 -0.0401188 9.23232 0.998554 -0.0256105 0.0472659 291.213 -0.048242 -0.0389396 0.998076 1.35214
-0.0234256 -0.998895 -0.0407508 9.19662 0.998533 -0.0253687 0.0478384 292.434 -0.0488193 -0.0395704 0.998023 1.29796
-0.0231667 -0.998929 -0.0400442 9.16402 0.998521 -0.0250911 0.048241 293.658 -0.0491941 -0.0388674 0.998033 1.24424
-0.0230608 -0.998945 -0.0397136 9.12845 0.998593 -0.0249134 0.0468056 294.88 -0.0477456 -0.0385784 0.998114 1.19109
-0.0232887 -0.998958 -0.0392529 9.09648 0.998723 -0.0250079 0.0438919 296.13 -0.0448278 -0.0381806 0.998265 1.10959
-0.0236547 -0.998909 -0.0402553 9.06567 0.998832 -0.0253116 0.0411608 297.318 -0.0421348 -0.0392346 0.998341 1.03613
-0.0237237 -0.998849 -0.0416971 9.03459 0.998885 -0.0253864 0.0398076 298.546 -0.0408203 -0.0407062 0.998337 0.957662
-0.0238604 -0.998707 -0.0448868 8.99577 0.998867 -0.0256652 0.0400715 299.777 -0.0411717 -0.0438798 0.998188 0.885365
-0.02408 -0.998548 -0.0481936 8.95762 0.998804 -0.0260827 0.0413668 301.01 -0.0425637 -0.0471398 0.997981 0.823355
-0.0240863 -0.998367 -0.0518078 8.91691 0.99875 -0.0263013 0.0425054 302.24 -0.0437986 -0.0507192 0.997752 0.767475
-0.0243067 -0.998265 -0.0536261 8.88592 0.998725 -0.0266224 0.0428994 303.482 -0.0442527 -0.052515 0.997639 0.708096
-0.0246918 -0.998264 -0.0534728 8.8566 0.998796 -0.0269021 0.0410179 304.726 -0.0423852 -0.0523956 0.997727 0.66358
-0.0253316 -0.99836 -0.0513408 8.83097 0.998879 -0.0273327 0.0386574 305.973 -0.0399973 -0.050304 0.997933 0.624909
-0.0262334 -0.998488 -0.0482983 8.80724 0.998879 -0.0280868 0.038105 307.223 -0.039404 -0.0472445 0.998106 0.604313
-0.0270166 -0.998562 -0.0463055 8.78019 0.998764 -0.0288975 0.0404448 308.473 -0.0417247 -0.0451556 0.998108 0.590154
-0.0276369 -0.998601 -0.0450784 8.75191 0.998672 -0.0295437 0.0421976 309.721 -0.0434703 -0.0438524 0.998092 0.582013
-0.0281157 -0.998556 -0.0457704 8.7144 0.998698 -0.0300105 0.0412511 310.96 -0.0425651 -0.044551 0.9981 0.55993
-0.0280367 -0.998496 -0.0471071 8.68048 0.998761 -0.0299204 0.0397698 312.204 -0.0411195 -0.0459337 0.998098 0.555252
-0.0273536 -0.998498 -0.0474649 8.64398 0.998798 -0.029232 0.039342 313.446 -0.0406704 -0.0463317 0.998098 0.539181
-0.0263646 -0.998611 -0.0456135 8.62426 0.998823 -0.0281737 0.0394848 314.705 -0.0407151 -0.0445188 0.998179 0.544788
