image: 20_5_50_010_2.pgm
resolution: 0.050000
origin: [-184.933082, -227.901874, 0.000000]
negate: 0
occupied_thresh: 0.65
free_thresh: 0.196

