image: 20_10_50_010_06.pgm
resolution: 0.100000
origin: [-205.247055, -48.760148, 0.000000]
negate: 0
occupied_thresh: 0.65
free_thresh: 0.196

