image: 20_10_50_010_02.pgm
resolution: 0.100000
origin: [182.574220, -543.303670, 0.000000]
negate: 0
occupied_thresh: 0.65
free_thresh: 0.196

