image: 10_5_50_050_5.pgm
resolution: 0.050000
origin: [-101.094533, -95.995469, 0.000000]
negate: 0
occupied_thresh: 0.65
free_thresh: 0.196

