image: 20_10_50_010_00.pgm
resolution: 0.100000
origin: [-47.145477, -118.823482, 0.000000]
negate: 0
occupied_thresh: 0.65
free_thresh: 0.196

