image: 20_5_50_005.pgm
resolution: 0.050000
origin: [-39.004675, -243.881871, 0.000000]
negate: 0
occupied_thresh: 0.65
free_thresh: 0.196

