image: 20_10_50_010_05.pgm
resolution: 0.100000
origin: [-49.887857, -272.082219, 0.000000]
negate: 0
occupied_thresh: 0.65
free_thresh: 0.196

